100
0.0000 0.8157 1.0039 0.8281 0.0518 0.1878 1.0752 0.5091 0.7658 1.0603 1.6869 0.8537 0.3590 1.1299 0.8811 0.2258 0.4621 0.8689 1.2199 1.2103 0.8533 0.2235 0.4342 0.0896 1.8347 0.5235 0.4320 0.5818 0.4591 0.5305 0.1066 1.8509 1.0161 0.0804 1.3810 0.2188 0.3329 0.1247 1.0927 1.2888 1.1053 0.0569 0.5149 0.2254 1.0280 1.2975 0.8775 0.8454 0.8899 0.1541 0.8389 1.3286 2.4587 1.4107 0.8106 0.7111 0.2564 0.7439 1.5520 0.9229 0.2693 0.1927 0.9826 0.4021 1.2841 0.6449 0.4126 0.3977 1.1286 1.3900 0.7919 1.0069 0.6601 0.1860 0.5930 1.0072 0.4089 0.3364 2.2968 1.0802 0.4921 0.0294 0.6673 0.6666 0.3710 1.5031 0.3842 0.1113 1.2351 1.1625 0.3057 0.9947 1.5787 1.8645 0.2047 0.3196 0.2714 1.7438 1.4815 0.3062
0.8157 0.0000 0.6285 1.0626 1.2682 0.2997 0.0323 0.4686 1.5128 0.4392 0.8604 0.7807 0.9669 2.1326 0.1628 0.7098 0.6981 1.1642 0.0597 1.3462 1.5887 0.2252 1.2232 0.5302 1.0254 0.0273 1.6171 1.0710 0.6496 1.3412 0.1125 1.0466 0.2767 0.2162 0.4766 0.1049 0.8527 0.6011 0.2311 0.9531 2.7116 1.3711 0.7333 0.4447 0.9912 0.1284 1.3030 1.0691 0.6490 0.2176 1.0907 2.4541 0.1773 0.2806 1.3396 0.0166 0.5543 0.6939 0.7858 1.9282 1.2095 0.5960 1.3406 0.9028 0.2607 1.7503 0.3974 1.3812 0.8417 1.4668 0.8769 0.9129 0.5031 0.3995 0.6641 0.2319 1.2189 1.4043 0.4860 1.5875 0.2116 0.9035 1.4785 1.8864 0.0494 1.0033 0.1376 1.1215 0.3282 1.0775 1.3354 0.6292 0.2983 2.0598 1.4765 1.9788 1.9046 0.1354 1.3105 0.9399
1.0039 0.6285 0.0000 1.2432 0.5336 1.3051 0.1028 0.1088 0.6851 0.0231 1.6796 0.9465 0.3312 2.2924 1.3104 0.2973 1.0442 0.4884 0.8971 1.2495 1.1492 0.3818 1.4400 2.2292 0.2696 0.9317 2.0935 0.4338 1.1282 0.9710 0.7594 0.6253 1.9456 0.7315 0.5759 0.5650 2.0530 0.4943 0.6589 0.3826 0.8217 0.2529 0.9443 1.5353 0.4182 0.1380 1.0733 0.7046 0.2920 0.3214 0.5960 1.8016 0.9490 1.0540 0.2768 0.5823 1.6812 1.3251 0.9561 0.1234 0.9768 1.0540 0.9823 0.8243 0.3397 0.8741 0.0060 0.0699 2.2954 1.3286 1.0852 0.3788 0.4976 0.5688 0.2196 0.5779 0.3952 1.6998 0.1784 0.6317 0.2052 0.2071 0.0880 1.2588 0.4261 1.6207 1.6042 0.7869 0.6670 0.0758 0.3880 0.1494 0.2137 0.3663 0.0314 2.0921 1.3727 0.4247 0.1258 0.1228
0.8281 1.0626 1.2432 0.0000 1.3446 0.2442 2.1388 0.9687 0.2062 0.0297 0.7172 0.1005 0.4339 1.2918 0.8746 0.8463 0.0355 1.0311 2.5626 0.9447 0.8221 0.9864 1.2411 1.1544 0.1763 0.8975 0.0899 0.5884 0.8521 1.9088 1.6860 0.8225 1.7277 0.9903 1.1885 0.7555 0.9268 0.4910 0.8292 0.5040 0.2879 0.1535 0.5557 1.3127 0.5574 0.2494 0.0762 0.2466 0.8393 0.4319 0.5070 2.7302 0.7046 0.0473 0.2653 0.6590 1.0604 0.3381 1.5254 0.1184 0.5316 0.4327 1.2720 0.6260 2.5005 0.3555 2.2183 0.0332 0.0988 1.2579 0.2679 1.7722 0.8650 0.3603 0.5831 1.1815 0.6688 1.1187 0.0032 0.0199 1.7615 0.3007 2.2129 1.3417 0.9723 0.7265 1.1724 1.0688 0.9922 0.2449 0.3399 0.2917 1.0614 0.3372 2.3557 0.7640 0.2799 0.9298 1.8511 1.1045
0.0518 1.2682 0.5336 1.3446 0.0000 0.5350 0.0225 1.1714 0.3524 0.1459 0.8483 0.8295 0.5647 1.4725 0.0269 1.2739 0.3627 1.3453 0.3639 1.2447 1.7697 0.4773 1.0393 0.1798 1.8804 0.0685 0.6381 1.3447 0.4021 0.9799 0.8937 0.9721 1.8469 1.1532 0.8702 0.7383 1.7800 0.2072 0.5421 0.0049 0.5814 1.2363 0.6769 0.8850 0.7820 1.1953 1.2925 0.7385 0.0620 1.3761 0.0170 1.5146 0.9169 0.6620 1.3112 0.4086 0.7387 1.3045 1.5823 0.2561 0.1624 0.0450 0.5382 1.5900 0.4727 1.0301 0.2078 0.3746 0.2618 0.9783 0.8002 0.8377 2.1777 0.6166 0.6945 0.1117 0.0922 1.1346 0.5367 0.1965 0.0486 0.0798 0.3964 1.3429 0.5699 1.8606 0.3683 0.3003 0.6473 0.2591 0.8612 0.8999 1.4462 1.7240 1.8308 0.0149 0.1945 0.5192 1.6480 2.3312
0.1878 0.2997 1.3051 0.2442 0.5350 0.0000 0.3322 0.3035 1.6852 0.0304 0.8304 0.4311 0.7980 0.4107 0.1264 0.6332 0.5407 1.5247 1.2943 0.0298 0.5601 0.5715 1.9581 0.3442 0.5488 0.8428 0.9196 0.2052 0.0606 0.6648 1.3146 0.0371 1.4601 0.9399 0.1428 1.4235 0.7136 1.0241 1.4933 0.4590 0.7837 0.6874 0.8145 0.0423 0.0605 1.8520 1.0780 1.6354 0.1335 0.9436 0.6414 0.7764 0.0878 0.5811 0.2939 1.1662 0.4834 0.1718 0.7918 1.2585 0.5793 2.1513 0.5359 0.1560 1.5443 0.7703 0.0591 0.7005 1.2167 0.1504 0.0166 1.6957 0.8479 0.0838 0.9235 0.4559 0.0973 1.2983 0.1845 1.7734 0.9282 0.3273 1.3153 0.3378 0.3137 1.3341 0.7247 0.1158 0.9764 0.0191 0.8537 0.5465 0.0470 1.3642 0.4731 1.3847 0.1978 0.4667 0.0817 0.2289
1.0752 0.0323 0.1028 2.1388 0.0225 0.3322 0.0000 0.5054 1.7034 0.6693 0.8126 0.1500 1.0438 1.0370 0.2513 0.1779 0.2315 0.2628 1.4410 0.0572 2.1348 0.0904 1.8317 0.0152 0.2945 0.9865 0.6519 0.2922 0.5410 1.6762 0.4976 2.2267 0.3965 0.2668 0.0888 0.0928 1.8024 0.6973 0.5113 1.1628 1.8374 0.0039 1.2427 0.1438 2.9041 1.2530 0.5458 0.7236 0.5897 0.3091 2.0404 1.3859 0.3359 0.4487 1.1190 1.0831 1.2951 0.2705 1.2940 0.2192 0.5739 1.3151 0.5774 0.4457 0.9104 0.5590 0.7951 1.9157 0.3251 0.3755 0.9582 0.5883 0.9156 2.8507 0.3566 0.6969 1.9601 0.4469 0.7092 0.3933 0.9732 0.0845 1.2666 0.0083 0.1182 0.0563 0.7119 0.0840 0.4669 0.4735 0.8750 1.1094 0.9090 1.0511 0.3166 0.3602 0.2769 1.5879 0.6986 0.5151
0.5091 0.4686 0.1088 0.9687 1.1714 0.3035 0.5054 0.0000 0.3334 0.7175 1.6256 0.3730 0.4983 1.8655 1.4553 0.6519 0.1860 0.7097 1.6419 2.5984 0.1332 1.0122 0.8666 0.1835 0.8817 0.4895 0.9571 0.1800 3.7834 1.4375 0.4290 0.6967 2.3493 0.5873 0.6824 0.6758 0.0639 0.5242 0.3516 1.8970 0.2365 1.2240 0.1232 0.5565 1.3142 0.8416 0.4557 1.1698 0.7894 1.0677 1.8308 1.1089 0.5526 1.0352 0.7866 2.9905 0.0687 1.0496 0.9945 0.2207 0.4483 0.7551 1.5857 0.2704 1.0551 0.2155 0.2354 0.1680 1.8090 0.6904 2.2270 1.5866 0.8019 0.7283 1.1134 0.3711 0.6609 0.5493 0.9957 1.1134 0.5818 0.5887 0.8210 0.5191 0.1272 0.3007 1.0165 0.1124 1.9362 1.0541 0.5780 1.0045 1.1875 1.1037 0.9274 0.3595 0.4527 0.1281 1.4145 0.8879
0.7658 1.5128 0.6851 0.2062 0.3524 1.6852 1.7034 0.3334 0.0000 0.7920 1.1331 0.6671 0.0749 0.5793 0.7512 1.3507 0.3126 0.6956 0.2224 0.4936 0.9299 0.3611 0.1580 0.0544 1.3951 0.5074 0.7131 2.3113 2.9248 2.2633 1.3167 0.8829 0.7252 1.2718 0.4084 0.2517 0.0340 0.7935 1.3990 0.1531 0.0219 0.3809 0.5806 0.0469 0.8912 0.9220 0.5597 0.0411 1.5361 0.9346 0.3352 1.3800 0.0294 0.5229 0.6314 0.3154 0.4412 0.5152 2.9973 1.2006 1.2473 0.6172 0.3395 0.0416 1.8224 0.1674 0.2567 0.1138 2.1229 0.4984 1.5318 0.9263 0.5984 1.3976 0.0955 0.6245 1.5084 0.7248 1.4740 0.5393 1.5567 0.3908 1.1310 0.5114 0.5813 1.1819 0.1962 1.6754 1.1324 2.2053 1.5201 1.4935 2.2349 0.3232 0.3293 0.8741 0.3479 0.7119 0.3115 0.1601
1.0603 0.4392 0.0231 0.0297 0.1459 0.0304 0.6693 0.7175 0.7920 0.0000 0.0243 0.6555 0.0687 0.3751 1.5387 0.7109 2.0474 1.3216 0.2490 1.4293 1.0373 1.8586 0.5380 1.3582 0.0161 1.5099 0.4319 0.7878 0.4325 0.3431 1.5640 0.7051 1.0232 0.5819 1.6809 2.4366 1.2444 1.1792 0.4889 1.3127 1.5184 2.5830 1.6297 0.8809 0.3786 0.0460 0.1877 2.5135 1.0881 0.1841 1.2244 0.6218 0.2692 0.7812 1.1243 1.2609 0.8323 1.0463 1.3260 0.5855 0.6001 0.0365 0.2281 1.2844 0.5080 1.1817 1.0993 1.4523 0.2973 0.0478 0.5674 0.4733 0.7215 0.7548 0.7486 0.1438 0.7051 2.0878 0.8710 0.4601 0.0653 0.4998 0.6677 1.3295 1.8855 1.0659 1.9584 1.6844 1.2728 1.0100 0.9979 0.3050 0.0088 0.7726 0.3049 1.5763 0.0150 0.1720 0.0885 0.0539
1.6869 0.8604 1.6796 0.7172 0.8483 0.8304 0.8126 1.6256 1.1331 0.0243 0.0000 1.1680 0.7597 1.1555 0.6932 0.7884 0.8630 0.7481 0.2987 0.1229 0.3558 0.3002 1.0102 0.3947 0.1004 1.0195 0.3252 0.7725 1.6627 0.4994 0.3067 1.1836 2.7006 0.3328 1.3276 0.3192 0.9227 0.0461 0.5654 0.5450 0.9001 1.0331 1.6571 0.0435 0.7963 0.3116 1.6160 1.0840 0.1316 0.3177 1.9401 0.5284 0.7635 0.8673 1.1087 0.3670 1.2245 1.8901 0.0030 0.9851 0.0890 0.3946 0.2879 2.0845 0.4203 1.2716 0.9653 2.0924 0.2348 0.2439 0.2645 1.1841 1.4435 0.4574 0.8321 0.4954 0.2677 0.7724 1.1934 2.3821 0.4420 0.6491 1.2452 0.3982 1.2845 1.7294 1.0842 0.6626 0.4050 0.9086 0.2687 0.2013 0.7335 1.2406 0.7436 0.7984 0.8261 0.3396 1.0944 0.6777
0.8537 0.7807 0.9465 0.1005 0.8295 0.4311 0.1500 0.3730 0.6671 0.6555 1.1680 0.0000 0.2955 0.8598 0.5759 0.0637 0.2387 1.5273 1.7195 0.6761 1.4424 1.3138 0.2014 0.5479 0.1871 0.2310 1.0453 0.4947 0.6920 0.6009 0.4882 0.3499 0.1240 0.4598 0.9189 0.1002 0.0822 1.7588 1.1237 0.3980 1.2867 0.6028 0.3857 0.7126 1.1955 0.3422 1.8087 0.3436 0.1318 1.5726 1.5385 0.0139 0.2257 0.9208 0.3055 0.9084 1.3387 0.5719 1.2869 0.2193 0.3160 0.1764 1.8682 1.2956 0.8324 0.5336 0.7858 0.8374 0.3280 0.5842 0.3503 0.2487 0.9776 1.3668 1.5979 1.0878 1.5756 0.6929 1.6123 0.9222 1.5675 0.1931 0.1800 1.4574 0.1275 0.9306 0.3395 0.7953 0.8224 0.5870 0.3350 0.0630 0.4545 1.7772 1.9178 1.3973 0.1772 0.4473 0.1170 0.8079
0.3590 0.9669 0.3312 0.4339 0.5647 0.7980 1.0438 0.4983 0.0749 0.0687 0.7597 0.2955 0.0000 0.7441 0.5416 2.1733 0.2236 1.1278 2.4767 0.6104 0.1745 0.5588 0.6991 0.0001 0.4699 0.8315 1.3555 0.1789 0.3948 0.3022 0.4866 0.4542 1.8989 0.6103 0.4356 0.2666 1.3651 0.2219 0.8410 1.3492 0.1626 0.0197 0.2322 0.5768 0.0591 0.3562 0.3003 0.4149 0.3400 0.4770 0.5707 0.2796 1.1520 0.1175 0.7563 2.2558 1.4031 3.0509 0.3559 0.8342 0.3744 0.2921 0.5835 1.6451 2.1528 0.0945 0.0833 0.9547 0.2156 0.3407 1.4022 1.1170 0.9299 0.5310 0.0076 1.5096 0.2160 0.4713 0.1458 0.5129 1.1743 0.1276 0.4590 2.4709 1.5947 1.8482 0.5211 1.2034 0.5748 1.2188 0.7320 2.3933 0.4316 1.1130 1.4652 0.4572 1.2570 1.1024 1.6931 0.8056
1.1299 2.1326 2.2924 1.2918 1.4725 0.4107 1.0370 1.8655 0.5793 0.3751 1.1555 0.8598 0.7441 0.0000 0.1369 1.9579 0.8399 0.5532 1.0823 1.2585 0.5127 0.1133 1.0983 0.2532 0.0824 0.5434 1.3496 0.3029 0.5416 1.5296 0.3319 0.7771 0.3884 0.1387 0.2541 1.2439 0.4461 0.3508 2.4705 1.1625 0.3723 0.5920 2.1362 0.4345 0.1255 0.5665 0.7079 0.0518 2.3718 1.0203 0.9549 1.4617 0.5902 1.4675 1.2256 1.5885 1.7594 0.9886 0.0837 0.0872 1.0433 0.7120 0.4795 0.8413 0.1698 0.3484 0.5972 1.1889 0.8673 1.8292 2.3506 0.5948 0.2100 0.2752 0.3746 0.1273 1.4466 2.1319 0.1950 0.2654 1.0793 0.7037 0.8627 0.7578 0.3804 1.0277 0.0238 1.2371 2.5539 2.2947 0.0607 2.1590 0.0058 1.3737 0.2246 1.7039 1.4258 0.1202 1.1090 0.0171
0.8811 0.1628 1.3104 0.8746 0.0269 0.1264 0.2513 1.4553 0.7512 1.5387 0.6932 0.5759 0.5416 0.1369 0.0000 1.2358 0.1299 0.8735 1.7612 0.1749 1.3850 0.7076 1.3219 0.1851 0.0844 0.1171 0.9982 1.3257 0.6535 0.1280 1.0491 1.0801 0.9386 0.4910 0.5933 0.1841 0.2836 0.1251 1.9067 0.5746 0.0622 1.0610 0.6911 0.8525 0.9472 1.7192 1.4387 0.0441 1.3925 1.4008 1.3243 1.9113 1.0682 0.2835 0.5491 1.1510 1.6783 0.6437 0.1868 0.8174 0.8288 2.2574 1.4027 0.7673 0.1343 0.3689 0.0807 1.2372 0.9594 2.2752 0.7780 1.5408 0.7806 0.2541 0.6253 1.8960 0.7345 0.9498 1.4724 0.0193 0.1258 0.5833 0.7259 0.3794 0.7850 0.1646 0.3298 1.7022 0.4556 1.2477 1.2189 1.9975 0.2426 0.7447 0.3418 0.3283 1.1467 1.2302 0.2930 0.4619
0.2258 0.7098 0.2973 0.8463 1.2739 0.6332 0.1779 0.6519 1.3507 0.7109 0.7884 0.0637 2.1733 1.9579 1.2358 0.0000 0.4758 0.0445 0.9830 0.9540 0.9623 0.2425 0.3576 0.8150 0.3095 0.4789 0.5384 0.2494 1.7361 0.2380 0.3590 1.2240 1.0517 1.5764 0.8501 0.7028 2.1179 0.4483 0.8625 0.3011 1.4788 0.2518 0.5631 0.4236 1.3554 0.5254 1.0155 1.2654 0.8297 1.4586 0.0792 1.2676 0.6006 0.1158 0.2257 1.1778 0.6130 1.8980 1.7064 2.3470 0.6405 1.3913 0.2623 1.6377 0.3040 1.3165 0.0077 0.0038 0.1882 0.7069 0.1490 0.5556 0.6157 0.2382 0.3318 1.0217 0.7237 0.3298 1.1178 0.3260 0.4589 0.8678 0.4367 0.4208 0.3594 0.0013 0.6487 0.5450 1.4733 0.8384 0.2719 0.4122 0.4306 0.2635 0.2876 0.2835 0.7203 0.9248 1.0007 0.3288
0.4621 0.6981 1.0442 0.0355 0.3627 0.5407 0.2315 0.1860 0.3126 2.0474 0.8630 0.2387 0.2236 0.8399 0.1299 0.4758 0.0000 0.4819 0.2009 0.8811 1.1714 0.6006 1.2457 0.6277 0.0472 1.3344 0.2131 0.7238 0.0616 1.0811 0.9207 0.5543 1.7285 0.5750 0.6980 1.2947 0.3015 0.1823 0.4005 2.8857 1.3727 0.2807 0.5416 1.0748 0.8202 0.4736 0.7106 1.1719 0.6506 0.5583 0.3459 1.5020 0.9616 0.5592 0.5740 2.3286 0.4981 0.8258 0.6041 0.0161 0.3341 1.2260 0.7875 0.2273 0.1553 1.7635 0.6510 0.2482 0.2850 1.4264 0.8996 1.0621 0.4244 0.3525 0.7863 0.1335 0.4468 1.1056 0.7474 0.0524 0.1904 0.8748 0.2386 0.2771 0.1027 1.7314 0.0344 0.2589 0.6028 0.8515 1.5765 2.6196 0.2411 1.0399 2.1218 0.3182 1.8323 0.3560 1.0056 0.2724
0.8689 1.1642 0.4884 1.0311 1.3453 1.5247 0.2628 0.7097 0.6956 1.3216 0.7481 1.5273 1.1278 0.5532 0.8735 0.0445 0.4819 0.0000 0.2483 1.5869 1.5425 0.8762 0.0208 1.8336 0.9177 0.5358 0.4640 1.4794 1.4252 0.0578 1.3816 0.4776 0.3951 0.0433 0.3164 1.2717 1.7245 1.2946 0.0363 0.7823 0.8114 0.1436 1.0189 1.1708 0.3738 1.0349 0.1502 1.9958 0.3188 0.9099 2.0464 0.4818 1.9563 0.0417 0.6924 1.3746 0.1567 0.1192 0.9958 1.7247 3.0907 0.2365 0.7626 0.3074 0.1983 0.9100 0.7731 1.3692 0.7175 1.2178 0.4532 0.0757 1.4823 0.3384 1.1882 0.8366 0.5715 1.0810 0.9798 0.2449 0.6763 1.2709 0.8817 1.2920 0.0772 0.4888 0.9540 0.9494 1.9757 0.3002 1.1360 0.3462 0.8534 1.5017 0.8794 0.7988 0.4654 1.2498 0.6332 1.0194
1.2199 0.0597 0.8971 2.5626 0.3639 1.2943 1.4410 1.6419 0.2224 0.2490 0.2987 1.7195 2.4767 1.0823 1.7612 0.9830 0.2009 0.2483 0.0000 0.5086 0.6106 0.4463 0.1946 0.5152 1.0217 0.6614 0.1959 0.5681 0.4874 1.3543 1.3351 0.0242 0.7307 0.3545 0.8762 0.2377 0.0698 2.3012 0.8611 1.7126 1.0129 0.6686 0.2997 0.8140 1.0972 1.1729 0.3814 0.3308 0.4473 1.0938 0.4960 1.3088 1.9019 1.1863 0.7143 1.7070 0.3887 2.1487 0.2589 2.2486 0.0579 0.2232 1.3147 0.7680 1.9080 0.3919 0.8488 1.2895 0.7016 0.4724 0.1818 1.2770 0.5082 1.4252 0.2676 0.9765 0.0332 0.7028 1.0367 0.0340 1.4777 1.1370 0.2749 0.2625 0.2662 0.6481 1.6362 1.6212 0.0601 0.3437 1.7500 0.3685 0.3123 1.7602 0.1114 0.2224 0.1658 1.2597 0.4740 1.9962
1.2103 1.3462 1.2495 0.9447 1.2447 0.0298 0.0572 2.5984 0.4936 1.4293 0.1229 0.6761 0.6104 1.2585 0.1749 0.9540 0.8811 1.5869 0.5086 0.0000 0.4058 0.5752 0.1141 1.8024 2.1692 0.0490 1.2739 1.0769 0.6289 0.3475 0.0844 1.1026 0.2841 0.0628 1.8084 0.1301 0.7729 0.1320 0.3387 0.7845 1.1806 1.0562 0.3724 0.5114 0.1205 0.5282 1.7459 0.3098 0.8977 2.0297 2.4210 0.2210 0.2896 1.0599 1.7417 0.3079 1.1808 0.2809 0.3245 0.2583 0.7921 0.9012 0.6994 1.7902 0.2630 0.0813 0.9812 0.2223 0.6614 1.0441 0.1376 0.0790 0.5261 0.6694 0.1301 0.6460 0.5576 0.4252 0.0218 0.3187 0.0019 0.0818 1.3255 0.5154 0.1157 0.6713 2.4825 0.0799 1.6168 1.4888 1.4257 1.1089 0.8616 0.1333 0.6002 0.0804 0.6602 0.3339 1.4219 0.3963
0.8533 1.5887 1.1492 0.8221 1.7697 0.5601 2.1348 0.1332 0.9299 1.0373 0.3558 1.4424 0.1745 0.5127 1.3850 0.9623 1.1714 1.5425 0.6106 0.4058 0.0000 1.1864 1.8043 0.7164 0.5470 1.4370 0.5506 0.4845 0.2687 0.6593 0.7985 1.7157 2.3071 0.5249 0.6081 0.2528 0.6215 0.6933 0.7056 0.8116 0.5521 1.3130 1.0585 0.1894 0.4354 0.0745 0.7023 2.0450 0.6621 0.6549 0.0948 0.9419 1.7741 0.6250 0.2007 0.9871 0.3962 0.6279 0.5440 0.8939 0.7824 0.5228 1.7535 0.9903 0.5083 1.2552 0.5783 0.5381 0.0394 1.4350 0.3139 0.1326 0.6332 1.4360 0.2457 1.2391 1.7253 0.5456 0.7346 0.2575 1.0145 1.1259 0.5078 0.0284 1.2561 0.8617 0.5900 0.1435 0.5525 0.4418 0.7942 0.3167 0.6564 0.2502 0.8962 0.2685 1.3166 1.8234 2.3053 0.0237
0.2235 0.2252 0.3818 0.9864 0.4773 0.5715 0.0904 1.0122 0.3611 1.8586 0.3002 1.3138 0.5588 0.1133 0.7076 0.2425 0.6006 0.8762 0.4463 0.5752 1.1864 0.0000 1.1738 0.4303 0.0940 0.1605 2.0641 0.5835 0.3502 1.5899 0.4223 1.4772 1.0424 0.7832 0.9351 0.2680 0.3050 0.4718 0.4205 0.3512 1.5712 0.4020 0.3584 1.2698 0.3832 2.1663 0.2042 1.2881 0.1815 1.6062 1.8071 0.5262 1.1976 1.7750 1.5437 1.2267 0.1132 0.4238 0.3093 0.1836 1.1025 1.0125 0.7847 0.2737 0.2105 0.5959 0.1770 0.2614 1.4705 0.0928 2.8844 0.3697 1.2202 2.1094 0.8936 2.8235 0.3205 0.1279 0.2245 1.1289 2.2329 0.0288 1.0364 0.0824 1.2340 2.7487 1.9856 1.3303 0.9661 1.1784 0.3955 0.8718 0.7265 0.3518 0.5756 0.4014 0.3418 1.8303 0.6189 0.6572
0.4342 1.2232 1.4400 1.2411 1.0393 1.9581 1.8317 0.8666 0.1580 0.5380 1.0102 0.2014 0.6991 1.0983 1.3219 0.3576 1.2457 0.0208 0.1946 0.1141 1.8043 1.1738 0.0000 0.6654 1.7839 1.7895 0.7947 0.0512 0.7727 1.4666 1.4672 0.3535 0.0257 0.5881 0.4828 1.2877 1.2873 0.3295 0.3308 0.2533 0.2158 1.2609 0.6187 0.2284 0.5212 1.0069 0.8778 1.5245 0.3377 0.0766 0.2293 0.7770 0.0190 0.4075 1.2165 0.1761 1.3803 0.9496 0.0918 1.7495 1.0557 0.4584 2.5148 0.1160 0.4709 0.3508 0.8979 1.2847 3.1450 1.2842 0.0000 0.4334 1.7971 0.5470 1.2820 1.1539 0.2802 0.0413 0.1401 0.3025 1.2439 0.5546 1.4635 0.2920 1.2069 1.2022 0.0260 0.8319 0.5511 0.2383 1.0188 1.5695 1.0668 0.1742 0.0577 0.8921 1.4293 1.5414 0.1253 2.0609
0.0896 0.5302 2.2292 1.1544 0.1798 0.3442 0.0152 0.1835 0.0544 1.3582 0.3947 0.5479 0.0001 0.2532 0.1851 0.8150 0.6277 1.8336 0.5152 1.8024 0.7164 0.4303 0.6654 0.0000 0.0761 2.3267 1.2198 0.5306 0.4246 2.0401 1.4214 0.7278 0.0573 1.5620 1.5276 0.3525 1.4522 0.3854 0.7436 0.3003 0.4743 1.3072 1.8702 0.0089 0.6525 0.9831 0.4113 0.5726 2.4980 0.8881 0.3347 0.2949 0.5812 1.7442 0.4201 0.6230 0.4652 2.4308 0.0619 0.0955 1.6008 0.0440 0.6732 1.4423 0.6374 0.1331 0.5546 0.4018 0.3883 0.4990 0.5746 0.6816 0.6761 0.9724 1.3504 0.9060 0.1872 1.0514 2.1393 1.3467 1.7308 1.4897 0.5830 0.0036 0.3169 0.3050 0.4302 0.8024 0.0513 1.7491 0.3318 0.5572 1.4856 0.3780 0.7437 1.0673 0.2385 0.2851 0.2339 0.9082
1.8347 1.0254 0.2696 0.1763 1.8804 0.5488 0.2945 0.8817 1.3951 0.0161 0.1004 0.1871 0.4699 0.0824 0.0844 0.3095 0.0472 0.9177 1.0217 2.1692 0.5470 0.0940 1.7839 0.0761 0.0000 0.2726 0.3295 2.6607 0.7854 1.3269 0.2741 0.2023 1.5793 1.1815 0.0598 0.0688 0.9456 1.4192 0.7631 0.5510 0.2760 0.5933 1.0427 0.6914 0.3701 0.3584 2.3765 0.2261 0.4527 1.2072 0.7798 1.3860 0.4810 0.7540 0.0106 0.0162 0.3142 0.4113 0.0156 0.8307 2.4012 0.8211 0.3659 0.8452 2.1297 0.8064 1.5172 0.0551 0.2865 0.5023 0.2816 0.7058 0.8769 1.4226 0.9364 0.1779 1.2062 0.8788 0.4808 0.3040 0.1077 0.9883 0.5241 0.0933 1.2636 0.7466 0.7143 1.6624 1.7057 1.2753 1.1574 0.4815 0.6627 0.6273 1.3937 0.2357 0.2708 0.4672 1.1262 0.4601
0.5235 0.0273 0.9317 0.8975 0.0685 0.8428 0.9865 0.4895 0.5074 1.5099 1.0195 0.2310 0.8315 0.5434 0.1171 0.4789 1.3344 0.5358 0.6614 0.0490 1.4370 0.1605 1.7895 2.3267 0.2726 0.0000 0.7167 1.5573 1.2702 1.7956 1.8477 2.5065 0.9656 0.2049 0.9976 1.3992 1.0563 0.2079 0.7136 1.9001 0.2256 0.8474 0.2641 1.1833 0.3688 0.3988 2.0136 0.3749 1.9072 1.0323 0.4099 0.7508 1.6448 0.6450 0.7228 0.9432 0.2374 0.8650 1.5414 1.1542 0.5074 0.5476 0.6484 1.8245 0.8921 0.7210 0.0497 1.2400 0.2771 0.5045 0.8403 0.3290 0.0312 2.2634 1.3746 1.8757 0.2115 1.1566 1.8095 0.2039 0.6122 0.5765 0.4161 0.2078 0.0760 0.1701 0.6101 0.1862 0.4494 0.8030 0.3381 0.3520 0.2705 0.2820 0.6254 0.1946 0.1207 1.0766 1.1302 0.3263
0.4320 1.6171 2.0935 0.0899 0.6381 0.9196 0.6519 0.9571 0.7131 0.4319 0.3252 1.0453 1.3555 1.3496 0.9982 0.5384 0.2131 0.4640 0.1959 1.2739 0.5506 2.0641 0.7947 1.2198 0.3295 0.7167 0.0000 0.0384 0.2437 1.4082 1.8864 0.0311 1.9304 0.9209 0.9293 1.2451 1.4034 2.1084 0.3058 0.3285 0.2794 0.1001 0.4024 0.1604 1.2367 0.0221 0.3239 0.4609 0.0101 0.9207 1.6932 0.2150 1.1369 0.0182 0.4385 0.3971 1.1486 0.0382 0.7158 1.5935 0.6643 0.4120 1.7532 0.7883 1.4626 0.4622 0.1670 0.6025 1.3336 1.2277 0.3956 0.1382 0.1390 0.8521 0.5021 0.9972 1.1788 1.8322 0.1631 0.1558 0.3654 0.1764 0.6577 1.2645 0.7645 1.0322 0.8491 0.0461 1.3829 0.5624 0.8412 1.9281 0.2349 0.0588 1.1373 1.1010 0.7082 0.5372 0.5182 0.3306
0.5818 1.0710 0.4338 0.5884 1.3447 0.2052 0.2922 0.1800 2.3113 0.7878 0.7725 0.4947 0.1789 0.3029 1.3257 0.2494 0.7238 1.4794 0.5681 1.0769 0.4845 0.5835 0.0512 0.5306 2.6607 1.5573 0.0384 0.0000 0.4485 0.3213 0.0139 0.2205 0.8863 0.7889 0.1894 0.5917 0.6594 0.1545 0.5013 1.4759 0.9794 0.4097 1.4316 0.2189 0.7454 0.2064 1.7216 0.6096 0.6670 1.3899 0.0461 0.5018 0.5347 1.2913 0.3887 2.0285 0.5769 0.5180 0.1297 0.8576 0.5986 0.4341 0.4807 0.0505 0.8120 0.7185 0.5593 1.3581 0.9205 0.1491 0.4092 1.4548 0.8025 1.3937 0.6526 0.9060 1.7965 0.4866 1.2228 1.6071 0.2716 0.5565 0.8889 0.9078 2.5995 0.3081 0.9363 1.3462 0.8726 1.1932 0.7874 1.0109 0.2278 2.6580 1.2253 0.1081 0.7785 1.5761 0.9398 1.2414
0.4591 0.6496 1.1282 0.8521 0.4021 0.0606 0.5410 3.7834 2.9248 0.4325 1.6627 0.6920 0.3948 0.5416 0.6535 1.7361 0.0616 1.4252 0.4874 0.6289 0.2687 0.3502 0.7727 0.4246 0.7854 1.2702 0.2437 0.4485 0.0000 0.4473 0.6073 1.0261 0.3272 0.6521 0.9315 1.4560 0.8308 0.1613 0.2617 0.2712 0.8403 1.2219 0.5427 0.9441 1.0644 1.6135 1.2765 0.6678 0.4901 0.4187 0.1778 0.9149 1.0616 1.4534 0.7589 0.1585 1.3715 1.7967 0.1841 1.6109 1.3958 1.9964 0.9655 0.7360 0.9449 1.1148 0.8908 0.3513 0.7399 0.0610 1.3718 0.5646 1.0600 1.1285 0.0787 0.6314 0.3195 1.2116 0.3519 0.0011 1.1705 0.9912 0.5232 0.4317 0.1221 0.3713 1.4799 0.4322 0.2236 0.7515 0.0588 0.9272 0.5227 1.3539 0.0849 1.1164 1.5275 0.6309 0.3317 1.5810
0.5305 1.3412 0.9710 1.9088 0.9799 0.6648 1.6762 1.4375 2.2633 0.3431 0.4994 0.6009 0.3022 1.5296 0.1280 0.2380 1.0811 0.0578 1.3543 0.3475 0.6593 1.5899 1.4666 2.0401 1.3269 1.7956 1.4082 0.3213 0.4473 0.0000 0.9431 1.7174 0.0037 1.0839 0.7043 0.7668 0.8048 1.3923 0.2101 0.1742 0.3762 2.1618 0.4927 0.8070 0.2530 1.1737 2.0268 0.9492 1.5142 1.7503 1.0607 1.6089 0.1025 1.0526 0.8526 0.2300 0.7128 0.6392 1.3380 0.2779 2.7421 0.7618 0.2901 0.0024 0.6518 0.8637 0.1424 1.1533 0.1165 0.1733 0.1372 0.6080 1.0617 0.2135 1.9362 0.4633 0.3682 1.9593 0.4465 0.4422 0.8004 0.3407 1.6451 0.6595 1.1482 0.3129 0.5528 0.1522 0.8971 0.5542 0.6820 0.6048 0.5039 0.3316 1.2933 1.5712 0.1373 1.6340 0.2962 0.7918
0.1066 0.1125 0.7594 1.6860 0.8937 1.3146 0.4976 0.4290 1.3167 1.5640 0.3067 0.4882 0.4866 0.3319 1.0491 0.3590 0.9207 1.3816 1.3351 0.0844 0.7985 0.4223 1.4672 1.4214 0.2741 1.8477 1.8864 0.0139 0.6073 0.9431 0.0000 0.8038 0.8821 0.4847 0.2496 0.8374 1.2483 0.2350 0.5347 0.0930 0.7798 0.2946 1.2804 1.2495 1.7752 0.5167 0.6269 0.3848 1.8202 0.8031 0.8628 1.3549 1.1430 2.5774 0.0991 0.6600 0.6397 0.6890 0.4676 0.2400 1.6449 0.5009 0.5941 2.5507 0.7408 1.4775 0.9764 1.2412 0.9269 1.0486 0.2879 0.4921 0.7263 1.3697 0.3432 0.8597 0.4096 0.1808 0.5090 0.3617 0.0733 1.2590 1.8815 0.5133 1.2136 0.3125 1.0050 1.6812 1.2427 1.1366 2.0461 2.7059 1.2010 0.2645 0.5351 0.1864 1.6593 0.2913 1.4051 1.1076
1.8509 1.0466 0.6253 0.8225 0.9721 0.0371 2.2267 0.6967 0.8829 0.7051 1.1836 0.3499 0.4542 0.7771 1.0801 1.2240 0.5543 0.4776 0.0242 1.1026 1.7157 1.4772 0.3535 0.7278 0.2023 2.5065 0.0311 0.2205 1.0261 1.7174 0.8038 0.0000 0.3548 0.6428 1.2703 1.6700 1.8421 1.1670 0.1312 0.8646 0.0172 1.2755 0.6045 0.1025 0.3915 1.4918 0.3372 0.0013 0.9501 0.3837 0.2664 0.0785 1.1213 0.1211 0.3022 0.1393 1.1549 1.8641 1.0598 0.1385 2.1800 0.1207 0.4930 2.2965 0.0480 0.6050 0.2243 0.6635 0.4964 2.1272 2.7765 1.6700 0.3177 0.1201 2.0547 0.6585 0.0719 0.2628 0.2728 1.1038 0.0527 0.0017 0.7776 1.3980 0.8773 0.5810 0.6459 0.7914 0.9082 0.0913 2.8356 0.0649 1.2637 0.6144 0.1932 0.2685 1.3062 0.5116 0.9225 0.6657
1.0161 0.2767 1.9456 1.7277 1.8469 1.4601 0.3965 2.3493 0.7252 1.0232 2.7006 0.1240 1.8989 0.3884 0.9386 1.0517 1.7285 0.3951 0.7307 0.2841 2.3071 1.0424 0.0257 0.0573 1.5793 0.9656 1.9304 0.8863 0.3272 0.0037 0.8821 0.3548 0.0000 1.9918 0.7385 0.0139 1.6195 0.1013 1.6102 2.1165 1.4547 0.2190 0.8355 1.2629 0.8224 0.8022 0.0933 0.7996 1.6262 0.7195 0.0298 0.1089 0.4514 0.2066 0.8506 0.5381 0.7752 0.3667 0.3860 1.1518 0.4302 0.1672 0.2921 0.0669 0.6085 0.7340 0.1711 0.2726 1.1691 0.7831 1.1782 0.4712 0.4987 0.6751 0.8353 0.4906 0.0711 0.8989 1.6519 0.0649 1.1242 1.8754 0.6182 0.1567 1.2505 0.9395 0.4112 1.2131 1.4590 1.1466 0.9882 1.9509 1.4410 0.2603 1.0794 0.5396 0.8351 2.7602 0.3053 1.4237
0.0804 0.2162 0.7315 0.9903 1.1532 0.9399 0.2668 0.5873 1.2718 0.5819 0.3328 0.4598 0.6103 0.1387 0.4910 1.5764 0.5750 0.0433 0.3545 0.0628 0.5249 0.7832 0.5881 1.5620 1.1815 0.2049 0.9209 0.7889 0.6521 1.0839 0.4847 0.6428 1.9918 0.0000 0.4335 0.1444 0.8087 1.0519 0.0896 0.8339 0.8754 0.6869 1.3180 0.9917 0.9544 1.9631 0.1612 0.1943 1.6391 0.0121 0.9187 0.0835 0.7802 0.2822 0.0227 1.1873 0.0076 0.5485 0.7065 0.9446 0.0945 0.2681 0.5193 0.1705 1.3798 0.1819 0.9300 1.3995 1.2005 0.0360 0.0311 1.5454 0.6630 1.1782 0.2069 1.6605 1.2805 0.2869 0.0186 2.2338 0.4987 1.2417 0.0028 0.6930 0.9990 1.4660 2.1537 2.7828 0.2920 2.3180 0.7902 0.4482 0.3539 1.3169 0.4798 0.4008 0.3254 2.0815 0.1956 0.8814
1.3810 0.4766 0.5759 1.1885 0.8702 0.1428 0.0888 0.6824 0.4084 1.6809 1.3276 0.9189 0.4356 0.2541 0.5933 0.8501 0.6980 0.3164 0.8762 1.8084 0.6081 0.9351 0.4828 1.5276 0.0598 0.9976 0.9293 0.1894 0.9315 0.7043 0.2496 1.2703 0.7385 0.4335 0.0000 0.4358 0.5130 1.8467 0.6806 1.0139 0.1356 1.0937 0.3078 1.0931 1.0104 2.1657 0.8789 1.6495 0.1280 0.5459 0.6861 0.1998 0.1182 0.0738 0.0706 0.9145 0.1683 0.5849 0.9365 0.6042 1.7485 0.1535 2.9370 0.1842 0.6878 0.0222 0.2303 2.5095 0.2828 2.4891 0.3522 0.1528 0.2462 1.0509 0.0519 0.7737 1.3263 0.9383 0.8988 1.1574 0.7797 0.7875 3.0607 0.1759 0.5343 0.4546 0.3113 0.2360 0.5805 1.7945 0.1189 1.8664 0.9331 1.6016 0.9030 0.3066 1.5841 0.4624 1.7134 1.6796
0.2188 0.1049 0.5650 0.7555 0.7383 1.4235 0.0928 0.6758 0.2517 2.4366 0.3192 0.1002 0.2666 1.2439 0.1841 0.7028 1.2947 1.2717 0.2377 0.1301 0.2528 0.2680 1.2877 0.3525 0.0688 1.3992 1.2451 0.5917 1.4560 0.7668 0.8374 1.6700 0.0139 0.1444 0.4358 0.0000 0.1176 1.2482 2.1937 0.7568 0.1745 0.6434 1.9803 0.4051 0.1241 0.1129 1.5519 0.5369 0.1145 0.6258 0.4654 0.3512 1.0223 0.4778 0.0885 1.9691 2.4062 0.2550 0.2634 0.2079 0.5900 0.3093 1.1919 0.0647 0.4318 0.6596 0.3842 0.8883 0.3929 0.5491 0.5479 1.0454 0.1875 0.8433 0.1520 0.7656 1.0408 0.1456 0.1744 2.3139 0.4555 0.4802 0.8364 0.7610 0.6447 1.4296 1.9708 1.6418 2.7051 0.3270 1.7378 0.3910 0.5140 2.7339 2.1442 0.2494 1.8143 1.2345 0.1447 0.4923
0.3329 0.8527 2.0530 0.9268 1.7800 0.7136 1.8024 0.0639 0.0340 1.2444 0.9227 0.0822 1.3651 0.4461 0.2836 2.1179 0.3015 1.7245 0.0698 0.7729 0.6215 0.3050 1.2873 1.4522 0.9456 1.0563 1.4034 0.6594 0.8308 0.8048 1.2483 1.8421 1.6195 0.8087 0.5130 0.1176 0.0000 0.4136 1.3156 0.1685 0.9163 2.2052 0.7328 0.1843 1.4895 1.0206 1.5149 0.1686 1.4826 0.0363 0.6002 1.9050 0.5819 2.0480 0.1868 1.8626 0.5860 1.5427 1.0440 0.4366 1.1179 0.3601 0.7364 0.3417 2.8539 0.6067 0.2117 1.5336 0.0184 0.8811 0.9318 0.4869 0.1293 2.1165 0.7846 0.5399 0.9064 0.9596 1.6163 0.5369 0.0554 0.9958 0.1835 2.2188 0.2559 0.6150 1.1534 1.5740 0.0617 0.7435 1.0341 0.6464 0.5091 0.6965 0.4698 0.3077 1.4701 0.2812 0.7618 0.5648
0.1247 0.6011 0.4943 0.4910 0.2072 1.0241 0.6973 0.5242 0.7935 1.1792 0.0461 1.7588 0.2219 0.3508 0.1251 0.4483 0.1823 1.2946 2.3012 0.1320 0.6933 0.4718 0.3295 0.3854 1.4192 0.2079 2.1084 0.1545 0.1613 1.3923 0.2350 1.1670 0.1013 1.0519 1.8467 1.2482 0.4136 0.0000 0.5672 1.6299 1.8114 0.1889 0.0203 0.3475 0.6525 0.1058 1.3531 0.4354 2.2293 1.0110 0.9295 0.1925 0.8660 0.3102 2.0552 0.0821 0.8208 0.8186 0.5154 0.8523 0.5625 0.0820 0.0009 1.0956 0.6619 0.7674 0.7208 1.1689 0.0666 2.0808 0.9124 0.7578 1.0702 0.1115 0.5061 0.7334 0.1340 2.5545 1.6225 0.2597 0.6184 1.2458 1.4603 1.2214 0.0413 0.4671 0.5902 0.1037 0.9006 0.5182 0.3798 0.4962 0.5374 0.6615 0.3186 0.7764 0.9187 0.4324 0.5648 0.8233
1.0927 0.2311 0.6589 0.8292 0.5421 1.4933 0.5113 0.3516 1.3990 0.4889 0.5654 1.1237 0.8410 2.4705 1.9067 0.8625 0.4005 0.0363 0.8611 0.3387 0.7056 0.4205 0.3308 0.7436 0.7631 0.7136 0.3058 0.5013 0.2617 0.2101 0.5347 0.1312 1.6102 0.0896 0.6806 2.1937 1.3156 0.5672 0.0000 1.2835 0.9038 0.8197 0.9489 0.8495 0.9825 0.0776 0.2082 0.5891 1.0674 1.1064 0.0429 1.4558 0.6822 0.2952 0.1129 1.9889 0.2618 0.1374 0.2609 0.8160 0.1596 1.9653 0.2547 1.2319 0.6360 0.6743 1.2422 2.2304 0.6775 0.4790 0.7993 0.7683 0.4510 0.2775 0.9983 1.0326 2.2894 0.2066 0.9676 0.9035 1.8652 0.3338 0.4414 0.1073 1.3274 1.4045 0.4545 2.3441 0.1528 0.4479 1.5612 0.5107 0.6851 1.1937 2.0030 0.5499 1.1411 0.1537 1.1433 0.2876
1.2888 0.9531 0.3826 0.5040 0.0049 0.4590 1.1628 1.8970 0.1531 1.3127 0.5450 0.3980 1.3492 1.1625 0.5746 0.3011 2.8857 0.7823 1.7126 0.7845 0.8116 0.3512 0.2533 0.3003 0.5510 1.9001 0.3285 1.4759 0.2712 0.1742 0.0930 0.8646 2.1165 0.8339 1.0139 0.7568 0.1685 1.6299 1.2835 0.0000 0.9846 0.1609 0.6644 0.3458 1.3256 0.1092 0.6827 0.3011 0.9483 1.3670 1.2206 0.2921 1.5591 1.3467 0.1066 0.5910 0.4273 1.8186 0.9749 0.8132 0.8719 0.1092 0.7851 0.9237 1.6012 0.4252 1.4699 0.0078 0.4814 0.0784 0.3262 0.3909 0.2222 1.3825 0.6654 0.4791 0.4286 0.0958 0.8649 0.4547 0.1005 1.5005 0.0477 1.5667 0.3793 0.5522 1.1948 1.0946 0.7914 0.4456 0.1280 0.4200 1.4519 0.6693 0.2744 1.0734 0.5264 0.9837 0.2770 0.2514
1.1053 2.7116 0.8217 0.2879 0.5814 0.7837 1.8374 0.2365 0.0219 1.5184 0.9001 1.2867 0.1626 0.3723 0.0622 1.4788 1.3727 0.8114 1.0129 1.1806 0.5521 1.5712 0.2158 0.4743 0.2760 0.2256 0.2794 0.9794 0.8403 0.3762 0.7798 0.0172 1.4547 0.8754 0.1356 0.1745 0.9163 1.8114 0.9038 0.9846 0.0000 0.6708 0.7714 0.6138 0.6925 0.6830 0.8307 0.1527 1.9387 0.3149 0.8789 0.5577 0.0193 1.2102 1.4719 0.4598 1.5335 0.1021 1.9856 1.7332 0.5780 0.7663 1.5763 0.9974 3.2273 0.2127 0.2580 0.0752 1.4978 0.7218 0.1212 1.1314 0.2116 0.7283 1.6491 0.8046 0.3066 0.1592 0.3139 0.3670 0.3928 0.6530 0.0043 0.5252 0.1421 0.1990 3.2803 1.0247 1.4236 0.2323 0.0388 0.8802 3.5223 0.4946 0.7451 0.2380 0.2872 3.2514 1.0105 3.4442
0.0569 1.3711 0.2529 0.1535 1.2363 0.6874 0.0039 1.2240 0.3809 2.5830 1.0331 0.6028 0.0197 0.5920 1.0610 0.2518 0.2807 0.1436 0.6686 1.0562 1.3130 0.4020 1.2609 1.3072 0.5933 0.8474 0.1001 0.4097 1.2219 2.1618 0.2946 1.2755 0.2190 0.6869 1.0937 0.6434 2.2052 0.1889 0.8197 0.1609 0.6708 0.0000 1.0979 1.1971 0.5678 1.6797 1.1473 0.6138 1.8837 0.1578 0.3308 0.8418 0.5903 0.6106 2.0425 0.9153 0.9563 1.8679 1.0221 0.2088 0.3310 0.8409 0.0387 0.8461 0.5894 1.0017 2.8496 0.8152 1.0323 1.1243 1.1129 0.0812 0.5251 0.1177 0.4709 1.0704 0.6089 0.2044 1.5654 0.5499 0.3737 0.8198 0.8599 0.5245 0.8285 0.4806 0.0004 0.0273 0.5027 2.4864 0.2537 0.4264 0.5828 0.5416 0.6226 1.8385 0.1141 0.7125 1.5520 0.3384
0.5149 0.7333 0.9443 0.5557 0.6769 0.8145 1.2427 0.1232 0.5806 1.6297 1.6571 0.3857 0.2322 2.1362 0.6911 0.5631 0.5416 1.0189 0.2997 0.3724 1.0585 0.3584 0.6187 1.8702 1.0427 0.2641 0.4024 1.4316 0.5427 0.4927 1.2804 0.6045 0.8355 1.3180 0.3078 1.9803 0.7328 0.0203 0.9489 0.6644 0.7714 1.0979 0.0000 0.0866 1.6859 0.0756 0.0504 0.8979 0.3306 1.2137 0.3636 1.5690 0.8816 0.1172 0.1758 0.5108 0.0544 0.8492 0.7626 1.5564 0.2592 0.5654 0.4383 1.3447 0.1813 1.7226 0.7103 0.3075 1.3241 0.6268 0.6624 0.1123 0.5820 0.1405 0.3276 1.1145 0.3892 1.3451 1.4147 0.4882 0.6631 1.2070 0.2315 1.5793 0.1207 0.6278 0.8469 0.2252 0.3095 0.3139 0.1620 0.2047 0.2799 0.4498 1.1187 0.3856 0.4509 0.1473 1.3922 0.6074
0.2254 0.4447 1.5353 1.3127 0.8850 0.0423 0.1438 0.5565 0.0469 0.8809 0.0435 0.7126 0.5768 0.4345 0.8525 0.4236 1.0748 1.1708 0.8140 0.5114 0.1894 1.2698 0.2284 0.0089 0.6914 1.1833 0.1604 0.2189 0.9441 0.8070 1.2495 0.1025 1.2629 0.9917 1.0931 0.4051 0.1843 0.3475 0.8495 0.3458 0.6138 1.1971 0.0866 0.0000 1.3145 1.4137 0.6364 0.9199 1.0736 0.9274 1.1071 0.0417 0.8342 1.0468 0.3821 1.4455 0.7101 1.3489 0.4732 0.6583 1.0374 0.2375 0.2802 0.4731 1.4879 0.0540 0.7724 0.7673 0.6769 0.9535 1.4159 0.4343 0.7289 0.3320 0.6846 0.5195 0.2360 0.4074 0.2868 0.4230 0.0359 0.4526 1.4221 0.7962 0.2732 0.6707 0.7224 0.9980 0.4499 0.3101 0.1431 0.8682 0.0952 0.7746 0.2080 0.5726 0.0635 0.1975 1.1678 0.3499
1.0280 0.9912 0.4182 0.5574 0.7820 0.0605 2.9041 1.3142 0.8912 0.3786 0.7963 1.1955 0.0591 0.1255 0.9472 1.3554 0.8202 0.3738 1.0972 0.1205 0.4354 0.3832 0.5212 0.6525 0.3701 0.3688 1.2367 0.7454 1.0644 0.2530 1.7752 0.3915 0.8224 0.9544 1.0104 0.1241 1.4895 0.6525 0.9825 1.3256 0.6925 0.5678 1.6859 1.3145 0.0000 0.1599 0.1418 1.2215 0.2567 1.6613 0.5000 1.1131 0.2205 0.6055 1.1054 0.2214 0.7959 1.3431 1.3303 1.4008 0.5981 1.1813 0.5417 0.4763 1.0309 1.3476 0.3743 1.1293 0.6568 0.4190 0.5778 0.0847 0.0477 0.2304 1.4837 1.4078 0.8052 0.0830 1.7312 0.3846 0.7870 0.5505 0.9418 0.9626 0.1003 0.0418 0.1357 1.4973 1.2354 0.4473 1.0182 0.3303 0.2223 0.6619 1.4537 0.6166 0.6710 0.4691 0.4386 1.6580
1.2975 0.1284 0.1380 0.2494 1.1953 1.8520 1.2530 0.8416 0.9220 0.0460 0.3116 0.3422 0.3562 0.5665 1.7192 0.5254 0.4736 1.0349 1.1729 0.5282 0.0745 2.1663 1.0069 0.9831 0.3584 0.3988 0.0221 0.2064 1.6135 1.1737 0.5167 1.4918 0.8022 1.9631 2.1657 0.1129 1.0206 0.1058 0.0776 0.1092 0.6830 1.6797 0.0756 1.4137 0.1599 0.0000 2.1853 0.4098 0.1765 1.2356 1.3786 0.4685 0.7824 0.7100 0.2787 1.3493 0.1544 0.7319 0.5626 1.4707 1.9091 1.3202 1.1057 0.0132 0.6536 1.2822 1.1267 0.8644 2.0460 0.6766 0.3359 0.9018 1.1274 0.5416 0.9379 0.2723 0.5962 0.5721 1.8178 0.6439 0.2132 0.2641 1.5130 0.4273 1.0539 0.4906 0.9814 0.6019 0.9523 0.6914 0.7111 0.3045 0.7590 0.0454 1.2783 1.3596 0.2420 0.3052 0.5526 0.0253
0.8775 1.3030 1.0733 0.0762 1.2925 1.0780 0.5458 0.4557 0.5597 0.1877 1.6160 1.8087 0.3003 0.7079 1.4387 1.0155 0.7106 0.1502 0.3814 1.7459 0.7023 0.2042 0.8778 0.4113 2.3765 2.0136 0.3239 1.7216 1.2765 2.0268 0.6269 0.3372 0.0933 0.1612 0.8789 1.5519 1.5149 1.3531 0.2082 0.6827 0.8307 1.1473 0.0504 0.6364 0.1418 2.1853 0.0000 0.2402 0.6806 1.1674 0.8840 0.1328 0.8047 0.6733 0.4438 1.2948 1.0172 0.0657 2.3904 0.4336 1.1112 1.6546 1.2344 0.3462 0.7553 0.6971 1.3604 0.1380 0.3052 0.7314 0.1821 0.7497 0.7827 0.7770 0.0563 0.1428 0.1795 0.5171 0.2567 0.4184 1.2688 0.4841 1.2160 0.6344 1.4772 0.8097 0.1596 0.1839 1.2532 0.9972 1.4382 0.1708 0.7362 1.0214 1.4423 0.1169 0.3718 0.0798 0.5027 0.4240
0.8454 1.0691 0.7046 0.2466 0.7385 1.6354 0.7236 1.1698 0.0411 2.5135 1.0840 0.3436 0.4149 0.0518 0.0441 1.2654 1.1719 1.9958 0.3308 0.3098 2.0450 1.2881 1.5245 0.5726 0.2261 0.3749 0.4609 0.6096 0.6678 0.9492 0.3848 0.0013 0.7996 0.1943 1.6495 0.5369 0.1686 0.4354 0.5891 0.3011 0.1527 0.6138 0.8979 0.9199 1.2215 0.4098 0.2402 0.0000 0.7108 0.8076 0.7504 0.6170 0.9518 0.8466 0.2136 0.4912 0.8884 0.4227 0.4377 1.4734 0.8862 1.1062 0.3028 0.5230 0.2353 0.5059 1.7858 0.8052 0.0549 0.0599 1.1085 0.4769 0.7496 0.4145 1.5707 1.7248 0.0584 0.0298 0.4952 2.0429 0.0506 0.4330 1.8330 0.1733 1.5464 0.9281 0.9802 0.7844 0.7362 0.1777 1.6863 0.7285 0.4873 0.2489 0.9320 0.3859 0.1430 0.6485 0.3254 1.7487
0.8899 0.6490 0.2920 0.8393 0.0620 0.1335 0.5897 0.7894 1.5361 1.0881 0.1316 0.1318 0.3400 2.3718 1.3925 0.8297 0.6506 0.3188 0.4473 0.8977 0.6621 0.1815 0.3377 2.4980 0.4527 1.9072 0.0101 0.6670 0.4901 1.5142 1.8202 0.9501 1.6262 1.6391 0.1280 0.1145 1.4826 2.2293 1.0674 0.9483 1.9387 1.8837 0.3306 1.0736 0.2567 0.1765 0.6806 0.7108 0.0000 0.9464 2.1155 0.0248 1.2083 0.5257 1.6515 0.8475 0.4951 0.4852 0.3368 1.5361 0.6877 0.7257 0.7738 0.9842 2.2129 0.8552 2.2179 0.8879 0.2878 1.1541 0.1069 0.3824 1.6436 0.3077 0.8459 0.1178 0.8725 0.4454 0.5026 0.3179 0.3090 0.0080 0.0679 0.3803 1.5428 0.8410 1.9260 1.2430 0.1136 0.7031 0.2241 0.6054 0.3168 1.0415 1.6060 0.7193 1.5755 0.0560 0.4460 0.9276
0.1541 0.2176 0.3214 0.4319 1.3761 0.9436 0.3091 1.0677 0.9346 0.1841 0.3177 1.5726 0.4770 1.0203 1.4008 1.4586 0.5583 0.9099 1.0938 2.0297 0.6549 1.6062 0.0766 0.8881 1.2072 1.0323 0.9207 1.3899 0.4187 1.7503 0.8031 0.3837 0.7195 0.0121 0.5459 0.6258 0.0363 1.0110 1.1064 1.3670 0.3149 0.1578 1.2137 0.9274 1.6613 1.2356 1.1674 0.8076 0.9464 0.0000 0.1079 1.8109 1.0909 0.7099 0.1189 1.3709 1.0128 0.1473 0.3272 1.1577 0.5803 0.7971 0.7787 0.5229 0.4099 0.1903 0.4297 0.8384 0.6036 0.1930 0.8254 0.3697 0.8794 0.3756 0.7687 1.2210 0.1082 0.5523 0.8994 1.5099 0.1518 0.0390 2.0821 0.5877 1.8458 0.4261 0.1940 0.5501 3.2378 1.4596 1.1085 1.5142 0.1390 0.3287 0.7675 1.0524 1.4139 0.8609 0.3289 0.3268
0.8389 1.0907 0.5960 0.5070 0.0170 0.6414 2.0404 1.8308 0.3352 1.2244 1.9401 1.5385 0.5707 0.9549 1.3243 0.0792 0.3459 2.0464 0.4960 2.4210 0.0948 1.8071 0.2293 0.3347 0.7798 0.4099 1.6932 0.0461 0.1778 1.0607 0.8628 0.2664 0.0298 0.9187 0.6861 0.4654 0.6002 0.9295 0.0429 1.2206 0.8789 0.3308 0.3636 1.1071 0.5000 1.3786 0.8840 0.7504 2.1155 0.1079 0.0000 0.0584 2.7486 1.1487 0.7560 0.2664 0.1535 0.0877 0.2140 0.2579 1.3368 0.5212 1.1998 0.8944 1.7512 0.2848 0.5427 0.7540 0.2031 0.7631 1.4362 0.9635 0.2609 2.2783 0.0981 2.5824 0.9462 1.4197 0.6077 0.6902 0.8860 0.5538 0.7621 0.8101 0.2351 0.7756 0.9209 0.2220 0.6295 0.2146 0.5339 1.0339 0.6301 1.0546 0.7833 2.7267 0.6208 0.8285 0.2503 1.1812
1.3286 2.4541 1.8016 2.7302 1.5146 0.7764 1.3859 1.1089 1.3800 0.6218 0.5284 0.0139 0.2796 1.4617 1.9113 1.2676 1.5020 0.4818 1.3088 0.2210 0.9419 0.5262 0.7770 0.2949 1.3860 0.7508 0.2150 0.5018 0.9149 1.6089 1.3549 0.0785 0.1089 0.0835 0.1998 0.3512 1.9050 0.1925 1.4558 0.2921 0.5577 0.8418 1.5690 0.0417 1.1131 0.4685 0.1328 0.6170 0.0248 1.8109 0.0584 0.0000 1.5595 0.9442 0.6416 0.4446 1.7167 1.4522 0.5215 0.3682 0.6755 0.9347 1.0413 0.3353 0.3073 1.1668 0.4924 0.2957 0.0368 0.1850 0.9223 1.1776 0.8905 0.5271 0.3540 0.5573 0.1244 0.6691 0.9465 0.1781 0.7055 0.4665 0.0698 2.0115 0.9733 0.1520 0.5461 0.9805 1.8149 0.2188 0.5308 1.1263 0.5276 0.1635 0.3869 1.1258 0.5279 0.6798 1.0045 0.9883
2.4587 0.1773 0.9490 0.7046 0.9169 0.0878 0.3359 0.5526 0.0294 0.2692 0.7635 0.2257 1.1520 0.5902 1.0682 0.6006 0.9616 1.9563 1.9019 0.2896 1.7741 1.1976 0.0190 0.5812 0.4810 1.6448 1.1369 0.5347 1.0616 0.1025 1.1430 1.1213 0.4514 0.7802 0.1182 1.0223 0.5819 0.8660 0.6822 1.5591 0.0193 0.5903 0.8816 0.8342 0.2205 0.7824 0.8047 0.9518 1.2083 1.0909 2.7486 1.5595 0.0000 0.3781 0.6869 0.9237 0.6664 0.9934 0.7738 1.7874 0.3153 0.1440 0.8885 1.2859 1.1225 0.9051 0.8647 0.1557 1.9288 0.8957 0.4862 0.4433 1.1560 0.8231 0.3688 0.2212 0.8147 0.7848 0.7121 0.8294 0.7031 0.8103 0.6311 0.6300 0.1067 0.3934 0.4243 0.3958 1.6889 1.6407 0.5144 0.7165 0.9822 0.3442 0.0841 0.8672 0.2478 0.8879 0.6386 0.5256
1.4107 0.2806 1.0540 0.0473 0.6620 0.5811 0.4487 1.0352 0.5229 0.7812 0.8673 0.9208 0.1175 1.4675 0.2835 0.1158 0.5592 0.0417 1.1863 1.0599 0.6250 1.7750 0.4075 1.7442 0.7540 0.6450 0.0182 1.2913 1.4534 1.0526 2.5774 0.1211 0.2066 0.2822 0.0738 0.4778 2.0480 0.3102 0.2952 1.3467 1.2102 0.6106 0.1172 1.0468 0.6055 0.7100 0.6733 0.8466 0.5257 0.7099 1.1487 0.9442 0.3781 0.0000 2.2612 1.5523 1.1238 0.1300 0.3470 0.5387 0.8947 1.9674 0.0315 1.6060 0.0382 1.1619 1.5015 1.3301 0.0777 0.8170 1.2565 1.0840 0.3480 1.0595 1.8618 0.9050 2.5430 1.4649 2.0769 0.4165 0.1889 0.1130 0.5451 0.5478 1.1803 1.7863 0.9032 1.0556 0.6996 0.2931 2.0182 1.9971 0.3816 0.0037 0.5701 0.8084 1.8423 1.4327 0.4780 0.1587
0.8106 1.3396 0.2768 0.2653 1.3112 0.2939 1.1190 0.7866 0.6314 1.1243 1.1087 0.3055 0.7563 1.2256 0.5491 0.2257 0.5740 0.6924 0.7143 1.7417 0.2007 1.5437 1.2165 0.4201 0.0106 0.7228 0.4385 0.3887 0.7589 0.8526 0.0991 0.3022 0.8506 0.0227 0.0706 0.0885 0.1868 2.0552 0.1129 0.1066 1.4719 2.0425 0.1758 0.3821 1.1054 0.2787 0.4438 0.2136 1.6515 0.1189 0.7560 0.6416 0.6869 2.2612 0.0000 1.0186 0.0645 0.1390 0.7948 1.3492 0.0563 0.1198 0.6787 1.0419 0.5178 0.2157 0.3474 1.6364 0.1198 0.2119 0.1510 0.0894 1.1045 1.6220 0.6029 0.0473 1.3901 0.0452 0.7447 0.6214 0.6191 0.5277 0.1516 0.1226 1.2243 0.0836 0.2945 0.2365 0.8503 1.8431 0.4176 0.8989 0.4352 0.4481 0.6312 0.4005 0.6403 1.0230 0.9974 0.8105
0.7111 0.0166 0.5823 0.6590 0.4086 1.1662 1.0831 2.9905 0.3154 1.2609 0.3670 0.9084 2.2558 1.5885 1.1510 1.1778 2.3286 1.3746 1.7070 0.3079 0.9871 1.2267 0.1761 0.6230 0.0162 0.9432 0.3971 2.0285 0.1585 0.2300 0.6600 0.1393 0.5381 1.1873 0.9145 1.9691 1.8626 0.0821 1.9889 0.5910 0.4598 0.9153 0.5108 1.4455 0.2214 1.3493 1.2948 0.4912 0.8475 1.3709 0.2664 0.4446 0.9237 1.5523 1.0186 0.0000 0.1530 0.3450 0.4286 1.4686 0.2097 0.3690 0.5642 0.8159 0.7168 1.2670 0.2788 0.2585 0.2129 0.0301 0.5903 0.1822 1.0967 0.4976 0.4032 1.2912 0.7934 0.4374 0.1589 0.5087 1.9674 1.3401 0.3553 0.7563 0.9744 0.9509 1.0227 0.6783 1.4235 0.1299 0.8421 0.1148 0.7047 0.7883 0.5975 0.0716 0.2699 0.3528 1.2755 0.7686
0.2564 0.5543 1.6812 1.0604 0.7387 0.4834 1.2951 0.0687 0.4412 0.8323 1.2245 1.3387 1.4031 1.7594 1.6783 0.6130 0.4981 0.1567 0.3887 1.1808 0.3962 0.1132 1.3803 0.4652 0.3142 0.2374 1.1486 0.5769 1.3715 0.7128 0.6397 1.1549 0.7752 0.0076 0.1683 2.4062 0.5860 0.8208 0.2618 0.4273 1.5335 0.9563 0.0544 0.7101 0.7959 0.1544 1.0172 0.8884 0.4951 1.0128 0.1535 1.7167 0.6664 1.1238 0.0645 0.1530 0.0000 1.2749 1.7687 1.3567 0.4121 0.7100 0.3873 1.1555 1.2437 1.2451 1.4965 1.2762 0.3716 0.0780 2.3372 0.4508 1.2200 0.0906 0.3738 0.7327 0.0191 1.9166 0.4062 0.7364 0.3109 1.4792 0.5041 0.5554 1.2227 0.6435 0.2279 0.3086 0.1648 0.2850 1.0969 0.5188 1.8439 0.6601 0.3663 0.7572 1.6948 1.2587 1.5866 1.1585
