20
0.0000 0.9112 1.2404 0.4942 0.4614 1.3806 0.2370 0.3827 1.9796 0.6548 0.7373 1.0016 0.6007 0.9399 2.3737 1.5116 0.3205 1.5085 0.6623 2.1357
0.9112 0.0000 0.0523 0.8397 0.8056 0.4483 1.5182 0.3397 0.0994 0.6139 0.6176 1.6753 0.0515 0.2598 0.9454 0.4010 2.3806 1.1352 0.4669 0.3776
1.2404 0.0523 0.0000 1.6476 0.2385 0.2989 0.0277 0.9356 1.1901 0.8705 1.0366 0.9127 1.4153 0.6548 1.8877 0.2525 0.3937 1.0981 0.1018 0.1085
0.4942 0.8397 1.6476 0.0000 2.2720 0.6027 0.3022 1.0482 1.5336 2.0270 1.3095 1.6935 0.5374 0.8341 0.6159 1.4496 0.0261 0.6135 0.1633 0.7632
0.4614 0.8056 0.2385 2.2720 0.0000 0.7473 0.1983 0.4861 0.4352 0.1622 0.5580 1.4900 1.2233 0.3648 0.6358 0.6932 0.0255 0.9301 0.2058 0.9059
1.3806 0.4483 0.2989 0.6027 0.7473 0.0000 1.7784 0.2571 0.2784 0.7505 0.4969 1.3874 0.0655 0.2618 0.4836 1.3310 0.5840 0.2088 0.1789 0.0035
0.2370 1.5182 0.0277 0.3022 0.1983 1.7784 0.0000 0.6318 0.3852 1.7711 0.5381 0.2273 0.6359 0.1639 1.6050 0.2203 1.2148 0.9347 0.8479 0.5592
0.3827 0.3397 0.9356 1.0482 0.4861 0.2571 0.6318 0.0000 1.7674 1.8069 0.3965 1.0537 0.2622 1.4452 0.0722 0.0119 1.1283 0.9890 1.4358 0.9568
1.9796 0.0994 1.1901 1.5336 0.4352 0.2784 0.3852 1.7674 0.0000 1.3113 0.1263 0.1273 0.3457 0.7984 1.2642 0.8207 0.0358 0.9782 2.2061 1.0173
0.6548 0.6139 0.8705 2.0270 0.1622 0.7505 1.7711 1.8069 1.3113 0.0000 1.5320 1.3847 1.6448 0.6954 1.3849 1.2449 1.1265 0.6123 0.7211 0.6079
0.7373 0.6176 1.0366 1.3095 0.5580 0.4969 0.5381 0.3965 0.1263 1.5320 0.0000 0.1378 0.7316 0.4811 0.7002 0.3813 0.2686 1.3471 0.3500 0.4437
1.0016 1.6753 0.9127 1.6935 1.4900 1.3874 0.2273 1.0537 0.1273 1.3847 0.1378 0.0000 0.5299 2.3474 1.0600 0.1460 0.6796 1.3150 2.3653 0.2093
0.6007 0.0515 1.4153 0.5374 1.2233 0.0655 0.6359 0.2622 0.3457 1.6448 0.7316 0.5299 0.0000 1.1625 0.0339 0.2835 0.0835 0.4067 0.0407 1.4396
0.9399 0.2598 0.6548 0.8341 0.3648 0.2618 0.1639 1.4452 0.7984 0.6954 0.4811 2.3474 1.1625 0.0000 1.1738 0.9547 0.9104 0.5929 0.9486 0.7055
2.3737 0.9454 1.8877 0.6159 0.6358 0.4836 1.6050 0.0722 1.2642 1.3849 0.7002 1.0600 0.0339 1.1738 0.0000 1.5953 0.0692 0.2749 0.1193 0.6805
1.5116 0.4010 0.2525 1.4496 0.6932 1.3310 0.2203 0.0119 0.8207 1.2449 0.3813 0.1460 0.2835 0.9547 1.5953 0.0000 0.1562 1.1063 0.2226 2.5511
0.3205 2.3806 0.3937 0.0261 0.0255 0.5840 1.2148 1.1283 0.0358 1.1265 0.2686 0.6796 0.0835 0.9104 0.0692 0.1562 0.0000 1.8451 0.5874 0.0188
1.5085 1.1352 1.0981 0.6135 0.9301 0.2088 0.9347 0.9890 0.9782 0.6123 1.3471 1.3150 0.4067 0.5929 0.2749 1.1063 1.8451 0.0000 0.5472 0.6448
0.6623 0.4669 0.1018 0.1633 0.2058 0.1789 0.8479 1.4358 2.2061 0.7211 0.3500 2.3653 0.0407 0.9486 0.1193 0.2226 0.5874 0.5472 0.0000 1.7971
2.1357 0.3776 0.1085 0.7632 0.9059 0.0035 0.5592 0.9568 1.0173 0.6079 0.4437 0.2093 1.4396 0.7055 0.6805 2.5511 0.0188 0.6448 1.7971 0.0000
