50
0.0000 0.9997 1.9502 1.6907 2.2027 1.7214 0.6127 0.8838 0.0658 1.0601 1.1022 0.8484 0.1342 1.3356 1.6424 0.9848 1.6004 0.8366 1.1161 1.6018 2.4144 0.9020 0.5532 0.6187 1.4703 1.7330 0.0241 0.0165 2.0278 1.7358 1.9589 0.0456 1.2140 0.2529 1.5195 1.0774 0.2100 1.0142 1.3287 1.3882 0.3519 1.0577 0.3709 0.3969 2.9075 0.0780 1.0162 0.1683 1.3235 1.0193
0.9997 0.0000 0.5603 0.6347 0.6870 0.6645 0.6053 0.7383 0.4339 0.2218 0.4153 0.3379 1.3520 0.0363 0.5189 0.0314 0.8103 0.3512 0.6410 0.6164 1.3907 0.4047 1.7904 0.2139 0.6302 0.4130 0.4680 0.0794 2.0467 0.0797 0.0042 1.8426 1.0307 1.5377 0.9322 0.3192 1.2840 1.7115 0.4271 0.7874 0.1803 0.3830 0.7303 0.0183 1.4223 0.3061 0.7097 1.3134 1.8507 0.3311
1.9502 0.5603 0.0000 0.8910 1.2987 0.6133 0.0625 1.1898 0.5479 0.1652 1.2586 0.1253 0.8845 1.6663 0.6150 0.5489 0.4114 1.2846 0.9698 1.3600 0.0914 0.4932 0.3349 0.6230 1.9228 0.7189 0.0339 0.3645 0.2265 0.5152 0.5408 0.5225 0.3937 1.4827 1.3959 0.5237 0.2926 1.2798 1.6997 1.2385 2.2056 1.4502 0.8891 1.6433 0.3494 1.1044 0.9956 0.0612 0.0976 1.4304
1.6907 0.6347 0.8910 0.0000 0.0841 0.8335 1.4019 0.6534 0.4218 0.6641 0.1316 0.7552 1.0973 1.0243 0.1267 0.3314 1.0659 0.9971 1.4252 0.5277 1.7064 1.7010 0.3093 1.0702 0.7616 1.0526 1.0947 0.6913 0.5762 0.2672 0.9282 1.0146 1.0733 1.7294 0.7317 0.9037 0.6396 1.4297 0.6614 0.3858 0.6215 0.0839 0.6593 0.5062 1.0061 0.3238 0.0958 0.8709 0.5361 0.0477
2.2027 0.6870 1.2987 0.0841 0.0000 0.3214 0.3557 0.9067 0.0501 1.9830 0.3336 0.5151 1.7165 0.1223 0.9718 0.5498 1.2188 0.4873 0.6018 1.0062 1.9300 0.4127 1.8370 0.2524 1.2858 0.2610 1.0963 1.8660 0.5566 0.0076 0.5146 0.9923 0.6952 2.6131 1.3326 1.6139 0.5379 0.2167 0.8126 0.4735 1.5010 0.4815 1.8959 0.0084 1.5474 0.4868 0.6462 1.7126 1.2835 0.7560
1.7214 0.6645 0.6133 0.8335 0.3214 0.0000 0.0094 0.8295 0.7752 1.4588 0.0704 0.1983 0.5357 1.4185 0.6887 0.1668 1.1716 1.2808 0.3296 1.1675 0.8110 0.9172 1.6313 0.3218 1.9379 0.2092 1.0767 0.6482 0.4392 1.3747 1.3571 1.4086 0.8289 0.7795 0.2160 0.1315 0.2454 0.0539 0.0215 0.1781 0.2843 0.1115 0.8546 0.0538 1.1950 0.5124 0.5674 1.5161 0.6627 0.2591
0.6127 0.6053 0.0625 1.4019 0.3557 0.0094 0.0000 0.2492 0.2169 1.2043 0.1245 1.6183 0.7199 0.0386 0.2096 0.9515 0.0706 1.3462 1.9585 0.7703 0.7525 0.3878 0.7314 0.1192 0.0704 1.1299 0.7151 0.3380 0.4286 0.1313 1.2442 0.4194 0.0836 0.0023 1.1784 0.3651 1.4111 0.5706 0.2740 0.8138 1.2069 0.4128 1.1335 0.7119 1.5743 0.4418 0.1505 1.1590 1.2631 0.5532
0.8838 0.7383 1.1898 0.6534 0.9067 0.8295 0.2492 0.0000 0.0826 1.4019 0.5363 0.5786 0.3571 0.2801 1.6087 0.5668 0.2244 0.5662 0.6979 0.2514 0.5513 0.0282 0.6566 0.7751 0.7452 3.0233 0.4239 0.4266 0.9389 0.9837 1.0547 0.5584 0.2215 0.9453 1.9982 0.7659 0.3462 1.2247 1.1962 0.8696 0.3088 0.2245 1.0033 0.5574 1.0808 1.6676 0.4100 0.2155 0.1335 1.2782
0.0658 0.4339 0.5479 0.4218 0.0501 0.7752 0.2169 0.0826 0.0000 0.8162 1.2072 0.9095 2.3069 1.0000 0.7422 1.1303 0.1594 3.0337 0.3847 0.6076 1.4780 0.8803 0.3475 1.0458 0.0182 0.5612 0.5727 1.4017 0.2717 0.8429 0.6195 0.5072 0.2779 0.7495 1.2624 0.1345 2.1789 1.3020 1.1141 0.5543 0.7577 0.3696 1.0615 0.4977 0.0282 0.8802 1.3823 0.2891 0.9996 0.6744
1.0601 0.2218 0.1652 0.6641 1.9830 1.4588 1.2043 1.4019 0.8162 0.0000 1.2692 1.9333 2.8813 0.3765 0.3125 0.2616 0.6550 1.4695 0.5414 1.5605 0.7866 0.1674 0.6591 0.4346 1.5702 1.0139 0.7484 1.0283 0.9479 1.4979 0.1057 0.3214 0.1108 0.0149 0.2650 1.3314 1.4497 1.0210 0.2740 0.1915 0.5042 0.6097 1.0350 1.4574 0.2509 0.5817 0.3606 1.2559 1.0853 1.5715
1.1022 0.4153 1.2586 0.1316 0.3336 0.0704 0.1245 0.5363 1.2072 1.2692 0.0000 1.0349 0.2703 0.6281 0.1572 0.9729 0.7696 0.8383 1.9637 0.3293 0.6592 0.6613 0.0492 0.3402 0.7395 0.7127 0.4856 0.2324 1.4411 0.5793 0.8214 0.6926 1.3067 0.4212 0.5908 0.9349 0.2481 0.7774 0.1028 0.4234 0.2541 2.0672 0.6562 0.4806 0.0772 1.7378 0.8644 0.5926 0.1651 2.0459
0.8484 0.3379 0.1253 0.7552 0.5151 0.1983 1.6183 0.5786 0.9095 1.9333 1.0349 0.0000 1.4467 0.7805 0.3355 0.5642 1.4798 1.0153 0.1951 0.0572 0.3426 0.8177 1.6512 0.3690 0.7774 1.6532 0.4592 0.3666 1.0748 0.4820 0.7476 0.2814 1.0665 0.4668 0.3659 1.5439 1.7604 0.6571 0.7299 0.1900 0.9834 0.0373 0.2982 0.1185 2.0603 0.5510 1.2413 0.9960 0.3059 0.5279
0.1342 1.3520 0.8845 1.0973 1.7165 0.5357 0.7199 0.3571 2.3069 2.8813 0.2703 1.4467 0.0000 0.8263 1.7481 0.5941 0.3906 0.1993 2.1873 0.5793 0.5404 0.8145 2.0711 0.5077 0.6177 1.0787 0.0385 0.5337 0.7262 1.4494 0.5173 1.1920 0.1508 0.3453 0.0008 0.0753 1.4011 1.8381 0.1331 0.0043 1.1391 0.1614 0.1594 0.6201 0.5666 1.1880 0.2351 0.9845 0.7360 0.2147
1.3356 0.0363 1.6663 1.0243 0.1223 1.4185 0.0386 0.2801 1.0000 0.3765 0.6281 0.7805 0.8263 0.0000 0.7548 1.0895 0.6578 1.1354 0.3277 1.3087 0.9767 0.1384 0.3164 0.2148 1.6134 0.5993 1.1741 0.3056 0.5373 0.7462 0.2093 0.7855 1.2765 0.8484 1.0970 0.4238 0.3614 0.0592 1.1939 0.2164 0.1697 1.7021 0.2930 0.0270 1.4235 0.9823 0.3849 1.4579 0.7724 1.0854
1.6424 0.5189 0.6150 0.1267 0.9718 0.6887 0.2096 1.6087 0.7422 0.3125 0.1572 0.3355 1.7481 0.7548 0.0000 2.2498 1.0051 1.4584 1.4047 1.4447 0.4434 0.4746 1.3178 0.0314 0.2131 0.2356 0.3519 0.4197 0.7335 0.4019 0.0845 1.7740 1.8573 2.5520 1.8811 0.4084 0.4974 0.6672 0.8191 1.9711 0.4479 0.8920 0.5517 0.0865 1.5736 1.9013 0.8129 1.0293 0.0791 2.5285
0.9848 0.0314 0.5489 0.3314 0.5498 0.1668 0.9515 0.5668 1.1303 0.2616 0.9729 0.5642 0.5941 1.0895 2.2498 0.0000 0.2674 0.7930 0.1747 1.0755 0.4279 1.6122 0.7289 0.1621 0.8614 1.6610 0.7762 1.2002 1.6296 0.0479 1.0752 1.1964 1.3481 0.2877 1.5232 1.1611 0.7148 0.7645 0.0968 1.2116 0.4778 0.7488 0.3714 0.6921 0.3799 1.7937 0.8790 1.7525 0.5076 0.3151
1.6004 0.8103 0.4114 1.0659 1.2188 1.1716 0.0706 0.2244 0.1594 0.6550 0.7696 1.4798 0.3906 0.6578 1.0051 0.2674 0.0000 0.0488 1.1504 0.6099 1.1920 1.3451 0.2509 0.9588 1.5613 0.3934 1.3595 0.3219 0.6872 1.0508 0.7776 0.3140 0.3573 0.1443 2.0068 0.4218 0.4868 1.0292 2.0726 1.3430 0.5450 0.5043 2.0033 0.8810 0.9559 0.8185 0.9561 0.3129 0.2844 1.2279
0.8366 0.3512 1.2846 0.9971 0.4873 1.2808 1.3462 0.5662 3.0337 1.4695 0.8383 1.0153 0.1993 1.1354 1.4584 0.7930 0.0488 0.0000 1.3190 1.4622 1.0917 1.4876 1.6270 0.5118 0.6743 0.6785 0.3625 0.1291 0.4069 1.0906 0.3772 0.4846 1.3361 0.2254 0.5275 0.5345 2.1534 0.0467 0.7489 0.2487 0.8909 0.6625 1.1400 0.9312 0.7274 2.1713 1.6699 0.8904 1.0971 0.7122
1.1161 0.6410 0.9698 1.4252 0.6018 0.3296 1.9585 0.6979 0.3847 0.5414 1.9637 0.1951 2.1873 0.3277 1.4047 0.1747 1.1504 1.3190 0.0000 1.1270 0.0729 0.9871 0.4744 0.1656 1.0124 0.1606 0.4540 0.0586 1.7120 0.2509 0.8322 0.4738 0.5717 2.0531 0.4227 0.2821 0.7514 0.8803 0.7064 0.1291 0.2170 1.1196 0.2140 1.0088 0.1497 0.5257 0.0414 1.4165 0.5446 0.9395
1.6018 0.6164 1.3600 0.5277 1.0062 1.1675 0.7703 0.2514 0.6076 1.5605 0.3293 0.0572 0.5793 1.3087 1.4447 1.0755 0.6099 1.4622 1.1270 0.0000 1.1339 0.7559 0.3076 0.0089 0.7920 0.6572 0.9919 0.6684 0.4611 0.1232 1.2045 2.5960 0.0667 0.5960 0.0778 0.3170 0.6732 1.6936 0.1400 0.1221 0.7693 0.7419 0.6199 0.9474 0.6435 1.2780 0.6651 0.8191 1.6792 0.2835
2.4144 1.3907 0.0914 1.7064 1.9300 0.8110 0.7525 0.5513 1.4780 0.7866 0.6592 0.3426 0.5404 0.9767 0.4434 0.4279 1.1920 1.0917 0.0729 1.1339 0.0000 0.4691 0.7094 1.5146 0.4710 0.9803 1.0426 0.0729 0.2685 0.2694 0.3100 0.7838 0.0464 2.0797 0.4927 0.2796 0.2878 1.4125 0.3243 1.7914 2.1635 0.4585 2.0930 1.2666 0.1118 0.7017 0.6293 0.5538 0.3001 1.4213
0.9020 0.4047 0.4932 1.7010 0.4127 0.9172 0.3878 0.0282 0.8803 0.1674 0.6613 0.8177 0.8145 0.1384 0.4746 1.6122 1.3451 1.4876 0.9871 0.7559 0.4691 0.0000 0.1355 0.7623 0.6985 0.0339 1.2011 0.6387 1.4835 0.3843 0.5402 0.3183 0.1141 1.0944 0.4822 0.3200 1.3701 0.5338 0.5499 0.3761 1.0204 2.0402 0.3629 0.1209 1.6284 1.5693 0.6935 1.5365 1.3765 0.6059
0.5532 1.7904 0.3349 0.3093 1.8370 1.6313 0.7314 0.6566 0.3475 0.6591 0.0492 1.6512 2.0711 0.3164 1.3178 0.7289 0.2509 1.6270 0.4744 0.3076 0.7094 0.1355 0.0000 0.7874 0.1586 2.0127 1.1679 1.3773 1.4108 1.1830 2.8179 0.2429 0.2111 0.3571 0.0124 0.1159 0.4379 0.2506 0.4473 1.4146 1.2586 0.0033 0.7920 1.2071 0.1721 0.6512 0.8802 1.4384 0.1270 1.2540
0.6187 0.2139 0.6230 1.0702 0.2524 0.3218 0.1192 0.7751 1.0458 0.4346 0.3402 0.3690 0.5077 0.2148 0.0314 0.1621 0.9588 0.5118 0.1656 0.0089 1.5146 0.7623 0.7874 0.0000 0.9130 0.8040 1.6249 0.4462 1.9235 0.4423 0.6455 2.5672 0.0397 0.2042 0.8090 1.1047 0.0171 0.3955 0.9739 1.2402 0.9305 0.4213 0.4862 2.0060 1.0918 0.9645 0.8433 0.9279 0.8306 1.3701
1.4703 0.6302 1.9228 0.7616 1.2858 1.9379 0.0704 0.7452 0.0182 1.5702 0.7395 0.7774 0.6177 1.6134 0.2131 0.8614 1.5613 0.6743 1.0124 0.7920 0.4710 0.6985 0.1586 0.9130 0.0000 1.8182 0.1925 0.7083 1.0845 0.9330 1.0720 0.4363 0.0040 0.2528 0.1908 1.1373 1.1763 0.2948 0.6105 0.1378 0.4215 0.5737 1.0446 0.4066 0.6041 1.4565 1.0926 0.4981 0.6989 0.4321
1.7330 0.4130 0.7189 1.0526 0.2610 0.2092 1.1299 3.0233 0.5612 1.0139 0.7127 1.6532 1.0787 0.5993 0.2356 1.6610 0.3934 0.6785 0.1606 0.6572 0.9803 0.0339 2.0127 0.8040 1.8182 0.0000 0.5460 1.2749 1.0931 0.4872 0.5351 0.2692 0.7274 0.1205 0.3308 0.5489 0.4891 0.0231 0.1512 1.1306 1.0284 0.6845 2.2861 0.0540 1.2661 0.8296 0.3297 1.8447 1.4139 1.2959
0.0241 0.4680 0.0339 1.0947 1.0963 1.0767 0.7151 0.4239 0.5727 0.7484 0.4856 0.4592 0.0385 1.1741 0.3519 0.7762 1.3595 0.3625 0.4540 0.9919 1.0426 1.2011 1.1679 1.6249 0.1925 0.5460 0.0000 0.4771 0.2211 0.8707 0.6802 1.1158 0.8727 1.0407 1.7383 1.2736 0.4892 0.1156 0.1843 0.1909 0.2372 1.1949 0.1911 0.0118 1.0690 0.5598 1.1394 0.1746 1.8836 0.1153
0.0165 0.0794 0.3645 0.6913 1.8660 0.6482 0.3380 0.4266 1.4017 1.0283 0.2324 0.3666 0.5337 0.3056 0.4197 1.2002 0.3219 0.1291 0.0586 0.6684 0.0729 0.6387 1.3773 0.4462 0.7083 1.2749 0.4771 0.0000 0.9458 0.0989 0.3900 1.2797 0.3091 1.7450 1.9245 0.1965 0.3435 0.7997 1.0266 0.5872 0.3617 0.7346 1.1633 1.3362 1.8240 0.5181 0.0923 1.2207 0.2958 0.8142
2.0278 2.0467 0.2265 0.5762 0.5566 0.4392 0.4286 0.9389 0.2717 0.9479 1.4411 1.0748 0.7262 0.5373 0.7335 1.6296 0.6872 0.4069 1.7120 0.4611 0.2685 1.4835 1.4108 1.9235 1.0845 1.0931 0.2211 0.9458 0.0000 0.4924 0.3190 0.2333 0.9952 1.2771 1.3133 0.3777 0.4112 0.7435 0.3320 1.1910 1.3694 1.9703 0.5431 0.4810 0.7141 0.3381 1.6084 0.0218 1.3413 0.7443
1.7358 0.0797 0.5152 0.2672 0.0076 1.3747 0.1313 0.9837 0.8429 1.4979 0.5793 0.4820 1.4494 0.7462 0.4019 0.0479 1.0508 1.0906 0.2509 0.1232 0.2694 0.3843 1.1830 0.4423 0.9330 0.4872 0.8707 0.0989 0.4924 0.0000 0.2014 0.1848 0.7251 0.4293 0.3918 1.2998 0.1667 0.3987 0.0465 0.2447 0.1971 1.1106 2.3795 0.1613 0.4457 1.5123 0.7884 1.1372 1.4196 1.4335
1.9589 0.0042 0.5408 0.9282 0.5146 1.3571 1.2442 1.0547 0.6195 0.1057 0.8214 0.7476 0.5173 0.2093 0.0845 1.0752 0.7776 0.3772 0.8322 1.2045 0.3100 0.5402 2.8179 0.6455 1.0720 0.5351 0.6802 0.3900 0.3190 0.2014 0.0000 0.0783 0.1928 2.1745 1.2389 0.0373 0.0130 0.0209 0.3865 0.2112 1.7875 0.6555 0.0517 0.3192 1.0148 0.0214 0.7674 0.1317 1.6401 0.9952
0.0456 1.8426 0.5225 1.0146 0.9923 1.4086 0.4194 0.5584 0.5072 0.3214 0.6926 0.2814 1.1920 0.7855 1.7740 1.1964 0.3140 0.4846 0.4738 2.5960 0.7838 0.3183 0.2429 2.5672 0.4363 0.2692 1.1158 1.2797 0.2333 0.1848 0.0783 0.0000 0.4781 1.8927 0.8677 0.4776 0.8897 0.9961 0.1399 0.6434 0.4004 0.8045 0.7877 0.8732 0.2844 0.4184 0.2700 1.0723 0.8876 1.6508
1.2140 1.0307 0.3937 1.0733 0.6952 0.8289 0.0836 0.2215 0.2779 0.1108 1.3067 1.0665 0.1508 1.2765 1.8573 1.3481 0.3573 1.3361 0.5717 0.0667 0.0464 0.1141 0.2111 0.0397 0.0040 0.7274 0.8727 0.3091 0.9952 0.7251 0.1928 0.4781 0.0000 0.4772 1.3055 0.3498 0.5600 1.0665 0.8069 1.5179 0.4493 0.3918 1.0205 1.5358 1.1308 0.6205 0.5237 0.3996 0.1518 0.2492
0.2529 1.5377 1.4827 1.7294 2.6131 0.7795 0.0023 0.9453 0.7495 0.0149 0.4212 0.4668 0.3453 0.8484 2.5520 0.2877 0.1443 0.2254 2.0531 0.5960 2.0797 1.0944 0.3571 0.2042 0.2528 0.1205 1.0407 1.7450 1.2771 0.4293 2.1745 1.8927 0.4772 0.0000 2.2220 1.3266 0.6579 1.3589 1.6163 0.3306 0.8734 0.0320 0.7039 0.1868 0.5508 0.6350 1.0124 0.0152 0.5473 1.1941
1.5195 0.9322 1.3959 0.7317 1.3326 0.2160 1.1784 1.9982 1.2624 0.2650 0.5908 0.3659 0.0008 1.0970 1.8811 1.5232 2.0068 0.5275 0.4227 0.0778 0.4927 0.4822 0.0124 0.8090 0.1908 0.3308 1.7383 1.9245 1.3133 0.3918 1.2389 0.8677 1.3055 2.2220 0.0000 0.9493 1.6669 0.4769 0.1011 0.7513 0.7515 0.6033 2.2238 0.7678 0.5097 0.1972 0.2246 0.8761 0.8186 0.9455
1.0774 0.3192 0.5237 0.9037 1.6139 0.1315 0.3651 0.7659 0.1345 1.3314 0.9349 1.5439 0.0753 0.4238 0.4084 1.1611 0.4218 0.5345 0.2821 0.3170 0.2796 0.3200 0.1159 1.1047 1.1373 0.5489 1.2736 0.1965 0.3777 1.2998 0.0373 0.4776 0.3498 1.3266 0.9493 0.0000 0.1291 1.7203 1.3143 0.9801 1.0077 0.4538 0.0328 0.7544 0.6164 0.3207 0.2178 0.8964 0.5654 0.9405
0.2100 1.2840 0.2926 0.6396 0.5379 0.2454 1.4111 0.3462 2.1789 1.4497 0.2481 1.7604 1.4011 0.3614 0.4974 0.7148 0.4868 2.1534 0.7514 0.6732 0.2878 1.3701 0.4379 0.0171 1.1763 0.4891 0.4892 0.3435 0.4112 0.1667 0.0130 0.8897 0.5600 0.6579 1.6669 0.1291 0.0000 0.0169 0.7275 0.5262 0.2833 0.5783 1.8580 0.8803 0.8117 0.5976 0.2370 0.8933 1.1407 1.1891
1.0142 1.7115 1.2798 1.4297 0.2167 0.0539 0.5706 1.2247 1.3020 1.0210 0.7774 0.6571 1.8381 0.0592 0.6672 0.7645 1.0292 0.0467 0.8803 1.6936 1.4125 0.5338 0.2506 0.3955 0.2948 0.0231 0.1156 0.7997 0.7435 0.3987 0.0209 0.9961 1.0665 1.3589 0.4769 1.7203 0.0169 0.0000 0.1017 0.6085 0.3531 0.2541 1.0967 1.7863 0.2942 0.8480 0.0111 0.1417 0.2258 1.0710
1.3287 0.4271 1.6997 0.6614 0.8126 0.0215 0.2740 1.1962 1.1141 0.2740 0.1028 0.7299 0.1331 1.1939 0.8191 0.0968 2.0726 0.7489 0.7064 0.1400 0.3243 0.5499 0.4473 0.9739 0.6105 0.1512 0.1843 1.0266 0.3320 0.0465 0.3865 0.1399 0.8069 1.6163 0.1011 1.3143 0.7275 0.1017 0.0000 0.6342 0.5469 0.0028 0.6276 0.4054 0.6225 1.9209 1.0229 1.1238 0.4872 0.0540
1.3882 0.7874 1.2385 0.3858 0.4735 0.1781 0.8138 0.8696 0.5543 0.1915 0.4234 0.1900 0.0043 0.2164 1.9711 1.2116 1.3430 0.2487 0.1291 0.1221 1.7914 0.3761 1.4146 1.2402 0.1378 1.1306 0.1909 0.5872 1.1910 0.2447 0.2112 0.6434 1.5179 0.3306 0.7513 0.9801 0.5262 0.6085 0.6342 0.0000 0.9094 1.0779 0.5343 0.2121 1.4049 0.5194 0.4378 1.2149 0.1125 0.1696
0.3519 0.1803 2.2056 0.6215 1.5010 0.2843 1.2069 0.3088 0.7577 0.5042 0.2541 0.9834 1.1391 0.1697 0.4479 0.4778 0.5450 0.8909 0.2170 0.7693 2.1635 1.0204 1.2586 0.9305 0.4215 1.0284 0.2372 0.3617 1.3694 0.1971 1.7875 0.4004 0.4493 0.8734 0.7515 1.0077 0.2833 0.3531 0.5469 0.9094 0.0000 0.9784 0.4245 0.1966 0.3854 0.9492 0.2201 1.1020 0.6395 0.8595
1.0577 0.3830 1.4502 0.0839 0.4815 0.1115 0.4128 0.2245 0.3696 0.6097 2.0672 0.0373 0.1614 1.7021 0.8920 0.7488 0.5043 0.6625 1.1196 0.7419 0.4585 2.0402 0.0033 0.4213 0.5737 0.6845 1.1949 0.7346 1.9703 1.1106 0.6555 0.8045 0.3918 0.0320 0.6033 0.4538 0.5783 0.2541 0.0028 1.0779 0.9784 0.0000 1.1140 0.6005 0.1398 1.6330 1.1205 1.1172 1.0833 0.9482
0.3709 0.7303 0.8891 0.6593 1.8959 0.8546 1.1335 1.0033 1.0615 1.0350 0.6562 0.2982 0.1594 0.2930 0.5517 0.3714 2.0033 1.1400 0.2140 0.6199 2.0930 0.3629 0.7920 0.4862 1.0446 2.2861 0.1911 1.1633 0.5431 2.3795 0.0517 0.7877 1.0205 0.7039 2.2238 0.0328 1.8580 1.0967 0.6276 0.5343 0.4245 1.1140 0.0000 0.0622 1.0197 1.1957 0.6804 0.8123 1.3957 0.1276
0.3969 0.0183 1.6433 0.5062 0.0084 0.0538 0.7119 0.5574 0.4977 1.4574 0.4806 0.1185 0.6201 0.0270 0.0865 0.6921 0.8810 0.9312 1.0088 0.9474 1.2666 0.1209 1.2071 2.0060 0.4066 0.0540 0.0118 1.3362 0.4810 0.1613 0.3192 0.8732 1.5358 0.1868 0.7678 0.7544 0.8803 1.7863 0.4054 0.2121 0.1966 0.6005 0.0622 0.0000 1.9582 1.7977 0.6729 0.6755 0.1427 0.8105
2.9075 1.4223 0.3494 1.0061 1.5474 1.1950 1.5743 1.0808 0.0282 0.2509 0.0772 2.0603 0.5666 1.4235 1.5736 0.3799 0.9559 0.7274 0.1497 0.6435 0.1118 1.6284 0.1721 1.0918 0.6041 1.2661 1.0690 1.8240 0.7141 0.4457 1.0148 0.2844 1.1308 0.5508 0.5097 0.6164 0.8117 0.2942 0.6225 1.4049 0.3854 0.1398 1.0197 1.9582 0.0000 0.9499 0.4281 0.1657 1.7614 0.3799
0.0780 0.3061 1.1044 0.3238 0.4868 0.5124 0.4418 1.6676 0.8802 0.5817 1.7378 0.5510 1.1880 0.9823 1.9013 1.7937 0.8185 2.1713 0.5257 1.2780 0.7017 1.5693 0.6512 0.9645 1.4565 0.8296 0.5598 0.5181 0.3381 1.5123 0.0214 0.4184 0.6205 0.6350 0.1972 0.3207 0.5976 0.8480 1.9209 0.5194 0.9492 1.6330 1.1957 1.7977 0.9499 0.0000 1.2591 0.3404 0.8173 0.2362
1.0162 0.7097 0.9956 0.0958 0.6462 0.5674 0.1505 0.4100 1.3823 0.3606 0.8644 1.2413 0.2351 0.3849 0.8129 0.8790 0.9561 1.6699 0.0414 0.6651 0.6293 0.6935 0.8802 0.8433 1.0926 0.3297 1.1394 0.0923 1.6084 0.7884 0.7674 0.2700 0.5237 1.0124 0.2246 0.2178 0.2370 0.0111 1.0229 0.4378 0.2201 1.1205 0.6804 0.6729 0.4281 1.2591 0.0000 1.2075 2.4905 0.9196
0.1683 1.3134 0.0612 0.8709 1.7126 1.5161 1.1590 0.2155 0.2891 1.2559 0.5926 0.9960 0.9845 1.4579 1.0293 1.7525 0.3129 0.8904 1.4165 0.8191 0.5538 1.5365 1.4384 0.9279 0.4981 1.8447 0.1746 1.2207 0.0218 1.1372 0.1317 1.0723 0.3996 0.0152 0.8761 0.8964 0.8933 0.1417 1.1238 1.2149 1.1020 1.1172 0.8123 0.6755 0.1657 0.3404 1.2075 0.0000 1.1112 1.5389
1.3235 1.8507 0.0976 0.5361 1.2835 0.6627 1.2631 0.1335 0.9996 1.0853 0.1651 0.3059 0.7360 0.7724 0.0791 0.5076 0.2844 1.0971 0.5446 1.6792 0.3001 1.3765 0.1270 0.8306 0.6989 1.4139 1.8836 0.2958 1.3413 1.4196 1.6401 0.8876 0.1518 0.5473 0.8186 0.5654 1.1407 0.2258 0.4872 0.1125 0.6395 1.0833 1.3957 0.1427 1.7614 0.8173 2.4905 1.1112 0.0000 0.3420
1.0193 0.3311 1.4304 0.0477 0.7560 0.2591 0.5532 1.2782 0.6744 1.5715 2.0459 0.5279 0.2147 1.0854 2.5285 0.3151 1.2279 0.7122 0.9395 0.2835 1.4213 0.6059 1.2540 1.3701 0.4321 1.2959 0.1153 0.8142 0.7443 1.4335 0.9952 1.6508 0.2492 1.1941 0.9455 0.9405 1.1891 1.0710 0.0540 0.1696 0.8595 0.9482 0.1276 0.8105 0.3799 0.2362 0.9196 1.5389 0.3420 0.0000
